26	0	12513	1
26	0	52742	1
26	0	10280	1
26	0	5897	1
26	0	61802	1
26	0	44979	0
26	0	86166	1
26	0	45691	0
26	0	7453	0
138	0	44771	0
138	0	12518	0
138	0	49448	0
138	0	35465	0
138	0	75825	0
138	0	37169	0
138	0	5394	0
138	0	43317	0
138	0	6678	1
138	0	7384	0
58	0	9921	0
58	0	3590	0
58	0	15176	0
58	0	8783	0
58	0	6994	0
58	0	26274	1
58	0	40757	0
58	0	2358	0
58	0	48375	0
58	0	53754	0
58	0	5500	2
58	0	87871	0
13	0	15681	0
13	0	33732	0
13	0	9103	0
13	0	8980	0
13	0	24086	0
13	0	4579	0
13	0	10280	0
13	0	12078	0
13	0	24175	0
13	0	4594	0
13	0	68793	0
160	0	41793	1
160	0	53829	1
160	0	54136	0
160	0	3531	1
160	0	41757	1
160	0	53950	0
136	0	54467	0
136	0	37260	0
136	0	11985	0
136	0	54359	0
136	0	33502	0
136	0	12003	1
136	0	54440	0
136	0	12337	0
136	0	12211	0
136	0	2868	0
136	0	38838	0
190	0	3712	0
190	0	8545	0
190	0	74632	0
190	0	7308	0
190	0	7185	0
190	0	75570	0
190	0	8343	0
190	0	32059	0
237	0	41154	1
237	0	41156	1
237	0	6279	0
237	0	910	1
237	0	55729	1
237	0	11797	0
237	0	41149	1
212	0	3013	2
212	0	7703	1
212	0	38265	2
212	0	6666	0
212	0	11418	0
7	0	54468	2
7	0	74790	1
7	0	54344	2
7	0	9101	1
7	0	7280	1
7	0	63249	1
7	0	54292	2
7	0	8854	1
7	0	38397	1
77	0	55425	1
77	0	7749	1
77	0	77480	0
77	0	49329	1
77	0	12248	0
77	0	32863	1
176	0	770	0
176	0	14084	0
176	0	73807	0
176	0	9105	0
176	0	10453	0
176	0	3478	0
176	0	69177	0
176	0	19358	0
107	0	5955	0
107	0	9733	0
107	0	7014	0
107	0	5962	0
107	0	44842	0
107	0	52780	0
107	0	32878	0
107	0	86449	0
107	0	6450	0
107	0	6134	0
107	0	32891	0
114	0	67810	1
114	0	4969	1
114	0	49738	2
114	0	34862	2
114	0	2353	1
114	0	4980	1
114	0	52632	1
114	0	7644	0
114	0	38431	0
20	0	42563	1
20	0	69541	0
20	0	53193	0
20	0	69867	0
20	0	42445	1
20	0	86159	0
20	0	42578	0
20	0	3544	0
20	0	42460	0
201	0	1889	2
201	0	9383	1
201	0	8300	0
201	0	54256	0
201	0	6196	1
201	0	5750	1
201	0	69210	2
201	0	53821	0
230	0	8512	0
230	0	67941	1
230	0	71691	0
230	0	5103	0
230	0	14417	0
230	0	21557	0
170	0	42885	0
170	0	11785	0
170	0	2378	0
170	0	4430	0
170	0	53788	2
170	0	66017	0
170	0	30570	0
170	0	3121	1
170	0	65524	0
170	0	11772	0
155	0	5569	1
155	0	5577	0
155	0	5388	1
155	0	5582	1
155	0	5394	1
155	0	5591	0
155	0	7065	0
155	0	88122	0
98	0	50528	0
98	0	63329	0
98	0	87556	1
98	0	66439	1
98	0	9423	0
98	0	4594	0
98	0	31960	0
98	0	43099	0
182	0	12259	2
182	0	5414	0
182	0	27592	1
182	0	8937	0
182	0	6956	0
182	0	6351	0
182	0	51025	0
182	0	71348	0
182	0	2488	0
182	0	4799	0
217	0	69317	1
217	0	9095	1
217	0	9100	0
217	0	9395	0
217	0	9398	0
217	0	9214	0
74	0	75360	0
74	0	76228	1
74	0	3079	0
74	0	11113	0
74	0	8878	0
74	0	5262	0
74	0	14383	1
74	0	76852	1
74	0	7798	0
74	0	7675	1
250	0	30848	0
250	0	9506	1
250	0	51173	0
250	0	3655	0
250	0	8842	0
250	0	48076	0
250	0	44023	0
250	0	11960	0
250	0	75802	0
250	0	3583	1
247	0	64292	1
247	0	40746	0
247	0	32235	0
247	0	28692	0
247	0	54548	0
247	0	29207	0
247	0	54489	0
247	0	54076	0
236	0	36576	2
236	0	36643	2
236	0	51077	0
236	0	37099	2
236	0	37038	2
236	0	31766	0
236	0	48414	0
153	0	53986	0
153	0	11272	0
153	0	10445	0
153	0	54126	0
153	0	87283	0
153	0	66773	1
153	0	65750	0
153	0	66330	0
171	0	16160	1
171	0	14163	0
171	0	14916	0
171	0	14921	0
171	0	14924	1
173	0	32389	1
173	0	9101	1
173	0	36432	2
173	0	51926	2
173	0	32216	0
173	0	9177	1
173	0	2593	1
173	0	71338	0
173	0	74220	2
173	0	1905	2
173	0	1907	0
173	0	36408	2
173	0	3771	2
173	0	12350	2
227	0	53858	1
227	0	53766	1
227	0	53862	1
227	0	34887	0
227	0	43272	0
227	0	3056	0
227	0	6493	1
193	0	66084	2
193	0	75084	2
193	0	65870	2
193	0	32243	2
193	0	65879	2
193	0	31960	2
193	0	8730	2
165	0	12513	0
165	0	8039	0
165	0	31118	1
165	0	33330	0
165	0	14163	0
165	0	54357	0
165	0	13400	0
165	0	33147	0
165	0	54524	0
215	0	65189	0
215	0	11848	2
215	0	63180	0
215	0	3057	2
215	0	4913	1
215	0	41778	2
215	0	4914	2
215	0	5013	1
215	0	4470	0
137	0	48963	1
137	0	88074	0
137	0	55437	0
137	0	11350	0
137	0	48413	0
137	0	75875	0
137	0	11620	0
137	0	4075	0
137	0	8621	0
137	0	75893	0
137	0	3892	0
137	0	8505	0
137	0	75964	0
149	0	68160	0
149	0	10256	1
149	0	10259	1
149	0	4758	0
149	0	24411	1
149	0	12513	0
149	0	53736	0
149	0	63275	0
149	0	37234	1
149	0	71349	0
149	0	37176	1
149	0	10298	0
49	0	10017	1
49	0	24904	0
49	0	32875	0
49	0	75562	1
49	0	8140	0
49	0	75820	1
49	0	47154	0
49	0	55187	0
49	0	11673	0
49	0	11837	1
150	0	12513	0
150	0	2946	0
150	0	7530	0
150	0	76045	0
150	0	2323	0
150	0	50166	0
150	0	7450	1
141	0	12160	1
141	0	12513	0
141	0	74819	0
141	0	43046	0
141	0	44106	0
141	0	42734	0
90	0	16070	0
90	0	8398	1
90	0	6543	1
90	0	50973	1
90	0	8223	1
90	0	11746	0
90	0	6311	1
90	0	6699	1
90	0	62255	0
90	0	8497	1
90	0	8822	1
242	0	11620	0
242	0	10598	0
242	0	66730	0
242	0	8141	0
242	0	11186	0
242	0	53942	0
242	0	8954	0
242	0	66586	0
242	0	31870	0
222	0	5891	0
222	0	4751	1
222	0	66193	0
222	0	4754	1
222	0	42707	0
222	0	35675	1
222	0	50524	1
222	0	34845	1
222	0	37343	1
222	0	65198	0
222	0	37040	0
222	0	3380	1
222	0	761	0
222	0	44028	0
222	0	37247	0
210	0	5029	0
210	0	38375	1
210	0	32297	1
210	0	36239	0
210	0	32277	0
210	0	32408	0
34	0	12132	0
34	0	11592	0
34	0	12237	1
34	0	48367	0
34	0	42897	0
34	0	48500	0
34	0	17144	0
34	0	12090	0
34	0	12285	0
89	0	31139	1
89	0	9961	0
89	0	29323	0
89	0	55693	0
89	0	34737	0
89	0	71954	0
89	0	8436	0
89	0	55705	0
89	0	31290	1
89	0	7486	0
154	0	9733	0
154	0	4684	0
154	0	3537	0
154	0	4627	0
154	0	10585	0
154	0	6043	0
154	0	10600	0
154	0	37613	0
154	0	10545	0
154	0	4723	0
245	0	11200	1
245	0	1671	0
245	0	87337	1
245	0	9004	1
245	0	68432	2
245	0	11636	2
245	0	11894	2
245	0	87323	2
245	0	5595	0
245	0	5597	0
245	0	11423	0
221	0	51136	0
221	0	34760	1
221	0	9165	0
221	0	8110	0
221	0	72626	1
221	0	87317	0
221	0	32603	0
221	0	32572	0
224	0	3712	0
224	0	8548	0
224	0	4646	0
224	0	15144	0
224	0	13997	0
224	0	4660	0
224	0	10807	0
224	0	14013	2
186	0	12513	0
186	0	87109	0
186	0	3721	1
186	0	40620	1
186	0	79212	1
186	0	75825	1
186	0	12273	1
186	0	64724	0
186	0	9845	1
186	0	6678	1
186	0	74586	1
97	0	8256	2
97	0	6925	2
97	0	7635	0
97	0	12117	1
97	0	76502	0
97	0	8859	0
97	0	2332	0
97	0	6693	2
97	0	46694	0
97	0	6823	1
97	0	7467	0
97	0	47985	0
97	0	6514	2
97	0	11768	0
1148	0	70723	2
1148	0	11080	0
1148	0	3660	2
1148	0	15381	1
1148	0	12513	0
1148	0	4773	2
1148	0	55273	2
1148	0	55467	1
1148	0	7789	1
1148	0	47987	0
1148	0	7798	1
1148	0	75894	1
1148	0	4734	2
1122	0	63842	1
1122	0	10500	2
1122	0	4742	0
1122	0	64907	0
1122	0	53741	0
1122	0	11407	2
1122	0	9431	1
1122	0	10589	1
1114	0	4613	0
1114	0	43079	1
1114	0	3177	1
1114	0	4555	0
1114	0	3087	2
1114	0	24853	0
1114	0	11223	0
1114	0	29369	0
1114	0	76127	0
1146	0	50885	0
1146	0	7304	0
1146	0	74635	0
1146	0	6382	2
1146	0	9968	0
1146	0	6390	1
1146	0	11225	0
1146	0	6460	0
1127	0	36290	0
1127	0	77540	1
1127	0	34662	0
1127	0	7304	1
1127	0	74827	0
1127	0	10507	1
1127	0	4594	0
1127	0	10357	1
1127	0	77531	1
1127	0	77370	0
1127	0	12092	0
1136	0	12288	2
1136	0	13283	0
1136	0	14277	0
1136	0	12269	1
1136	0	7536	0
1136	0	7569	0
1136	0	48499	1
1136	0	4601	1
1007	0	87649	0
1007	0	67939	1
1007	0	71338	0
1007	0	71343	1
1007	0	1905	1
1007	0	37690	0
1007	0	47963	0
1164	0	12128	2
1164	0	4000	2
1164	0	24645	2
1164	0	2406	2
1164	0	45193	2
1164	0	23787	2
1164	0	2255	2
1164	0	23986	2
1164	0	2232	2
1169	0	14344	2
1169	0	12504	0
1169	0	12505	0
1169	0	2651	0
1169	0	45735	0
1169	0	8234	0
1169	0	53741	0
1169	0	47	0
1169	0	8435	0
1169	0	62582	0
1169	0	13368	2
1169	0	26234	0
1049	0	88386	0
1049	0	15174	0
1049	0	41095	2
1049	0	10600	0
1049	0	88650	0
1049	0	77389	0
1049	0	88531	0
1049	0	11833	2
1049	0	88092	0
1098	0	16067	0
1098	0	16070	0
1098	0	49103	0
1098	0	65566	0
1098	0	4065	0
1098	0	64292	0
1098	0	75047	0
1098	0	71398	0
1098	0	16043	0
1098	0	10674	0
1098	0	16051	0
1098	0	63223	0
1098	0	79288	0
1098	0	16063	0
1026	0	7234	0
1026	0	11940	0
1026	0	75368	0
1026	0	14603	2
1026	0	13357	2
1026	0	559	0
1026	0	8591	0
1026	0	77461	0
1026	0	77588	0
1026	0	21687	0
1026	0	16060	0
1026	0	4191	0
1111	0	8516	2
1111	0	46662	0
1111	0	4555	0
1111	0	6806	2
1111	0	3800	2
1111	0	76127	0
1111	0	11427	2
1111	0	8550	2
1111	0	33768	2
1111	0	75433	1
1111	0	65576	1
1111	0	6903	2
1111	0	6907	1
1111	0	3517	1
1211	0	8163	0
1211	0	11718	2
1211	0	29840	1
1211	0	56179	0
1211	0	29592	2
1211	0	6457	2
1211	0	6270	1
1119	0	13633	0
1119	0	8836	2
1119	0	6984	2
1119	0	11214	1
1119	0	11409	1
1119	0	47954	1
1119	0	15641	1
1119	0	11496	1
1119	0	8235	1
1119	0	15730	1
1119	0	7349	0
1119	0	76347	1
1119	0	10237	1
1113	0	74852	0
1113	0	12075	2
1113	0	86287	0
1113	0	49137	0
1113	0	23894	0
1113	0	8536	0
1113	0	75034	0
1225	0	42209	1
1225	0	28931	0
1225	0	28740	0
1225	0	42020	1
1225	0	42024	1
1225	0	28974	0
1225	0	30897	2
1225	0	42385	1
1225	0	4914	1
1225	0	41941	1
1225	0	43391	0
1184	0	6561	0
1184	0	15012	2
1184	0	15013	1
1184	0	8301	0
1184	0	14580	0
1184	0	7548	0
1184	0	15007	2
1077	0	53986	2
1077	0	54468	2
1077	0	54344	2
1077	0	54123	2
1077	0	53741	0
1077	0	53743	2
1077	0	53939	1
1077	0	53941	2
1102	0	15186	1
1102	0	15187	1
1102	0	15174	0
1102	0	15191	0
1102	0	15192	0
1102	0	8172	0
1034	0	13568	1
1034	0	16067	0
1034	0	6855	0
1034	0	15050	0
1034	0	15059	0
1034	0	43031	0
1034	0	14822	0
1034	0	31401	0
1034	0	13997	0
1034	0	6191	0
1034	0	50	0
1034	0	74293	0
1034	0	62399	0
1141	0	46530	0
1141	0	16067	0
1141	0	12743	2
1141	0	12620	2
1141	0	16077	0
1141	0	12693	2
1141	0	12570	2
1141	0	16038	0
1141	0	16042	0
1141	0	7916	0
1141	0	21557	0
1141	0	12989	2
1162	0	44096	2
1162	0	42851	2
1162	0	43110	2
1162	0	1126	2
1162	0	44007	2
1162	0	2891	2
1162	0	3183	2
1162	0	2997	2
1162	0	2718	1
1091	0	43141	0
1091	0	10510	0
1091	0	7569	0
1091	0	77461	0
1091	0	14742	0
1091	0	12636	1
1091	0	76382	0
1091	0	10656	0
1091	0	11940	0
1091	0	13990	0
1091	0	75368	0
1091	0	2675	1
1013	0	14352	2
1013	0	13379	2
1013	0	9097	1
1013	0	14750	2
1020	0	49312	0
1020	0	37219	0
1020	0	37286	0
1020	0	24618	0
1020	0	88554	0
1020	0	49103	0
1020	0	31928	0
1020	0	31676	0
1020	0	14013	2
1206	0	2849	2
1206	0	53766	2
1206	0	8038	1
1206	0	34887	1
1206	0	9291	0
1206	0	32304	0
1206	0	32279	1
1206	0	68638	0
1201	0	8193	1
1201	0	49037	0
1201	0	69169	0
1201	0	31986	0
1201	0	10100	0
1201	0	15641	0
1201	0	6782	0
1226	0	10368	2
1226	0	69504	1
1226	0	10406	1
1226	0	74793	1
1226	0	26509	1
1226	0	2575	1
1226	0	6738	0
1226	0	14491	0
1226	0	74879	0
1226	0	68638	0
1210	0	10560	1
1210	0	10598	1
1210	0	41833	2
1210	0	69521	0
1210	0	77236	1
1210	0	11639	2
1210	0	28954	1
1210	0	3194	1
1210	0	2875	0
1210	0	4735	0
1156	0	77643	0
1156	0	55755	0
1156	0	11343	0
1156	0	15187	0
1156	0	46889	0
1156	0	38124	0
1156	0	30899	2
1156	0	30906	1
1156	0	64956	0
1156	0	68414	0
1145	0	10596	2
1145	0	30088	2
1145	0	9963	2
1145	0	30252	2
1145	0	30162	2
1145	0	45590	2
1145	0	29752	2
1145	0	6270	2
1238	0	13633	0
1238	0	48707	0
1238	0	63952	0
1238	0	24727	0
1238	0	76256	0
1238	0	3687	0
1238	0	43116	1
1238	0	3504	1
1238	0	9659	0
1140	0	45824	0
1140	0	36491	0
1140	0	10445	0
1140	0	11413	0
1140	0	16038	0
1140	0	16040	0
1140	0	16045	0
1140	0	21487	0
1140	0	4594	0
1140	0	66292	0
1140	0	15095	0
1177	0	44544	1
1177	0	12513	0
1177	0	15748	0
1177	0	67911	1
1177	0	44486	1
1177	0	2888	1
1177	0	3697	2
1177	0	5049	1
1177	0	44730	1
1177	0	67930	1
1177	0	44605	1
1202	0	7617	0
1202	0	9666	0
1202	0	7620	0
1202	0	77481	0
1202	0	7440	0
1202	0	1620	0
1202	0	7574	0
1202	0	1209	0
1202	0	7740	0
1202	0	7742	0
1006	0	2596	0
1006	0	87337	0
1006	0	24362	0
1006	0	9679	1
1006	0	2703	0
1006	0	3351	0
1006	0	11257	0
1006	0	87323	0
1006	0	28603	1
1006	0	79263	1
1174	0	76963	0
1174	0	11464	2
1174	0	2315	1
1174	0	9421	0
1174	0	71379	0
1174	0	51737	0
1174	0	8186	0
1174	0	2300	0
1216	0	2593	0
1216	0	10275	0
1216	0	31942	1
1216	0	8809	0
1216	0	73807	0
1216	0	45648	0
1216	0	5746	0
1216	0	4601	0
1216	0	3645	1
1027	0	12513	2
1027	0	13990	0
1027	0	51663	0
1027	0	75568	0
1027	0	6610	0
1027	0	76406	0
1027	0	15001	1
1027	0	15002	1
1027	0	8602	0
1027	0	15004	1
1027	0	51708	0
1080	0	10889	0
1080	0	53578	0
1080	0	38224	0
1080	0	71635	1
1080	0	38233	0
1080	0	71655	0
1080	0	3367	0
1080	0	71788	0
1080	0	71342	1
1080	0	63865	1
1080	0	38203	0
1151	0	26369	0
1151	0	10951	0
1151	0	30188	1
1151	0	29840	2
1151	0	11123	2
1151	0	11380	0
1151	0	6004	0
1151	0	6423	0
1151	0	29752	1
1151	0	77083	0
1151	0	6270	1
1014	0	2464	2
1014	0	48771	2
1014	0	12262	1
1014	0	48717	2
1082	0	46497	0
1082	0	5891	0
1082	0	51844	1
1082	0	63846	1
1082	0	9768	0
1082	0	5686	1
1082	0	46007	0
1082	0	45595	0
1082	0	62269	1
1082	0	88543	0
1228	0	5763	1
1228	0	10949	2
1228	0	62409	2
1228	0	9994	1
1228	0	1292	0
1228	0	7633	1
1228	0	1303	0
1228	0	71384	1
1228	0	1307	0
1228	0	1512	0
1228	0	1387	0
1228	0	1581	0
1228	0	1330	0
1228	0	1331	0
1228	0	53240	2
1228	0	11195	2
1094	0	13187	0
1094	0	9477	0
1094	0	15186	0
1094	0	13347	0
1094	0	12518	0
1094	0	16043	0
1094	0	70000	0
1094	0	14324	0
1094	0	14581	0
1094	0	5690	0
1094	0	16062	0
1240	0	69061	0
1240	0	8039	2
1240	0	8042	1
1240	0	63437	0
1240	0	7824	2
1240	0	55221	0
1240	0	9247	0
1239	0	32518	0
1239	0	13902	0
1239	0	32500	0
1239	0	81079	0
1239	0	7609	0
1239	0	81114	0
1239	0	4637	0
1239	0	4703	0
6	0	41988	0
6	0	3589	1
6	0	4682	1
6	0	4882	1
6	0	28759	0
6	0	2784	0
6	0	41893	2
6	0	9003	0
6	0	4594	0
6	0	2807	0
6	0	71549	0
251	0	48417	2
251	0	48355	0
251	0	10280	0
251	0	3530	1
251	0	3535	1
251	0	77553	1
251	0	44979	0
251	0	7480	0
251	0	3225	1
251	0	7550	0
175	0	15681	0
175	0	11849	0
175	0	11788	0
175	0	31985	0
175	0	6100	0
175	0	31895	0
175	0	11673	0
175	0	8954	0
175	0	11837	0
80	0	2593	0
80	0	5388	2
80	0	12302	1
80	0	71343	0
80	0	12338	1
80	0	48946	0
80	0	32599	0
80	0	7387	2
27	0	37966	0
27	0	35675	0
27	0	37343	0
27	0	12513	1
27	0	13611	0
27	0	6191	0
27	0	4784	0
27	0	87090	0
27	0	6650	0
27	0	37247	0
73	0	45760	1
73	0	6819	1
73	0	37254	1
73	0	37004	1
73	0	11988	2
73	0	38037	1
73	0	12183	2
73	0	36378	0
82	0	29632	1
82	0	10215	0
82	0	30571	1
82	0	32588	0
82	0	5454	1
82	0	3186	1
82	0	4631	0
82	0	30618	0
112	0	12513	0
112	0	46566	1
112	0	40969	0
112	0	5738	0
112	0	5262	0
14	0	65856	0
14	0	77515	0
14	0	10317	0
14	0	65814	0
14	0	5218	0
14	0	55526	0
14	0	11176	0
14	0	2985	0
14	0	7786	0
14	0	12205	0
14	0	36279	0
14	0	45691	0
145	0	7872	0
145	0	73703	0
145	0	11849	0
145	0	3370	0
145	0	7282	1
145	0	6644	0
145	0	47959	0
145	0	7899	1
145	0	65919	0
145	0	75743	0
56	0	46628	0
56	0	11591	0
56	0	32168	1
56	0	31850	1
56	0	86314	1
56	0	77040	1
56	0	77333	0
56	0	11573	0
56	0	11772	0
56	0	46655	0
239	0	41888	0
239	0	43011	0
239	0	2789	0
239	0	79204	0
239	0	3016	0
239	0	9166	0
239	0	65299	0
239	0	11923	0
239	0	49718	0
239	0	34362	0
239	0	41115	0
239	0	11935	0
91	0	75719	0
91	0	2220	0
91	0	9069	0
91	0	74704	2
91	0	8949	0
91	0	13400	0
91	0	10777	0
91	0	8731	2
102	0	44416	0
102	0	44486	0
102	0	2888	0
102	0	63768	0
102	0	1883	0
102	0	31139	0
102	0	74795	0
102	0	55340	0
102	0	4529	0
102	0	4535	0
102	0	44605	0
125	0	50508	2
125	0	4785	2
125	0	4594	0
125	0	3385	1
125	0	55069	2
194	0	32355	0
194	0	21542	0
194	0	16073	0
194	0	42698	1
194	0	32844	0
194	0	32815	1
194	0	32469	0
194	0	4990	1
46	0	5955	0
46	0	5989	0
46	0	30119	0
46	0	61388	1
46	0	32878	0
46	0	6001	0
46	0	36146	1
46	0	6134	0
46	0	10331	0
46	0	30173	0
46	0	38847	0
134	0	23297	1
134	0	13347	1
134	0	45063	1
134	0	5384	0
134	0	10768	0
134	0	35377	0
134	0	23345	1
134	0	2675	0
134	0	2393	1
156	0	38272	0
156	0	87946	1
156	0	38355	0
156	0	26137	0
156	0	14942	0
156	0	2463	1
156	0	38241	0
156	0	52779	0
156	0	49205	1
156	0	52538	0
184	0	8128	0
184	0	40613	0
184	0	75623	0
184	0	69542	0
184	0	11081	0
184	0	9290	0
184	0	40785	0
184	0	4660	0
184	0	8220	0
140	0	35777	0
140	0	63874	0
140	0	13284	0
140	0	1776	0
140	0	9521	1
140	0	3378	0
140	0	53750	0
140	0	54200	0
140	0	37180	0
140	0	62653	0
140	0	36255	0
94	0	4589	1
94	0	27087	2
94	0	7504	1
94	0	4595	1
94	0	28596	0
94	0	2743	1
94	0	10425	0
169	0	88386	0
169	0	15910	0
169	0	88555	0
169	0	18668	0
169	0	19535	0
169	0	77616	0
169	0	10995	0
169	0	53943	0
169	0	47994	0
169	0	10527	0
162	0	15008	0
162	0	2435	0
162	0	7622	0
162	0	12075	0
162	0	36331	1
162	0	2192	0
162	0	9521	0
162	0	21557	0
162	0	37561	0
162	0	24507	0
124	0	12513	0
124	0	32835	0
124	0	71074	0
124	0	71076	0
124	0	71078	0
124	0	2610	0
124	0	67958	0
124	0	48731	1
124	0	67962	0
64	0	1664	0
64	0	8980	0
64	0	12513	0
64	0	30188	0
64	0	12078	1
64	0	79347	0
64	0	6007	0
64	0	29752	0
64	0	79486	0
206	0	11012	0
206	0	45838	0
206	0	46485	0
206	0	54123	0
206	0	72750	0
206	0	46263	0
151	0	5121	2
151	0	5284	2
151	0	1708	2
151	0	1747	2
151	0	5111	2
151	0	5113	2
151	0	5149	2
177	0	69121	1
177	0	9288	0
177	0	3081	0
177	0	68882	0
177	0	68949	0
177	0	42710	0
177	0	16034	0
177	0	40868	0
177	0	43046	0
177	0	48365	1
177	0	9710	1
177	0	9651	0
177	0	69177	0
204	0	9152	0
204	0	36875	0
204	0	37262	0
204	0	63887	0
204	0	37272	0
204	0	37723	0
204	0	37281	0
204	0	10789	0
204	0	13356	1
204	0	69112	0
204	0	37691	0
204	0	32764	0
204	0	75711	0
55	0	55297	0
55	0	14084	0
55	0	11785	0
55	0	11787	0
55	0	11808	0
55	0	1136	0
55	0	4337	0
55	0	65524	0
55	0	12025	0
55	0	23293	0
62	0	35777	0
62	0	63874	0
62	0	866	0
62	0	13284	0
62	0	9521	1
62	0	3378	0
62	0	3379	0
62	0	9526	1
62	0	63960	0
62	0	63932	0
19	0	62852	0
19	0	53257	0
19	0	51691	0
19	0	43500	0
19	0	53358	0
19	0	64080	0
19	0	14417	0
19	0	4403	0
19	0	13013	1
19	0	65144	0
19	0	65146	0
28	0	54240	0
28	0	53858	0
28	0	7107	0
28	0	2692	0
28	0	43532	0
28	0	4622	0
28	0	2387	0
28	0	54074	0
108	0	42406	1
108	0	11142	0
108	0	5738	0
108	0	15243	0
108	0	4592	0
108	0	45559	0
108	0	76155	0
108	0	42366	1
113	0	63041	2
113	0	62627	2
113	0	9349	0
113	0	70502	1
113	0	62986	2
113	0	40718	2
113	0	62675	2
113	0	10580	1
113	0	63832	2
113	0	11962	2
113	0	9531	2
113	0	62494	2
209	0	3500	0
209	0	66797	1
209	0	79088	1
209	0	67958	0
209	0	31963	1
209	0	67962	0
209	0	67965	0
36	0	75843	0
36	0	10213	0
36	0	66603	0
36	0	54320	2
36	0	49720	1
36	0	77083	0
36	0	54236	2
36	0	54110	2
183	0	5378	1
183	0	42020	1
183	0	67816	1
183	0	9778	0
183	0	4664	0
183	0	4955	1
148	0	42851	0
148	0	27108	1
148	0	3399	0
148	0	3531	0
148	0	3118	0
148	0	28527	1
148	0	86356	0
148	0	65661	1
148	0	41757	0
23	0	1091	0
23	0	9737	0
23	0	45458	1
23	0	45524	0
23	0	74329	0
23	0	6108	0
23	0	7906	0
23	0	8867	0
23	0	2290	0
23	0	7546	0
23	0	31676	0
11	0	30593	0
11	0	11234	1
11	0	15748	0
11	0	2854	0
11	0	53736	0
11	0	2985	0
11	0	51146	0
11	0	53741	0
11	0	14163	0
11	0	47989	0
11	0	53754	0
11	0	14751	0
53	0	49730	1
53	0	6	0
53	0	8209	0
53	0	37651	0
53	0	4692	1
53	0	8475	0
53	0	8159	0
53	0	6688	0
53	0	10086	0
53	0	32491	0
53	0	15477	0
53	0	4792	0
53	0	3647	0
22	0	3331	1
22	0	76108	1
22	0	10260	0
22	0	3575	0
22	0	63195	0
99	0	29376	1
99	0	35714	0
99	0	71943	0
99	0	15050	0
99	0	25551	1
99	0	5969	1
99	0	65239	0
99	0	8152	0
99	0	31782	0
99	0	9390	0
99	0	7855	0
99	0	8885	0
99	0	36153	1
41	0	10065	2
41	0	37075	1
41	0	37254	1
41	0	36279	1
41	0	37802	1
41	0	37727	1
229	0	1218	0
229	0	3527	0
229	0	3529	0
229	0	1615	0
229	0	11925	0
229	0	13594	0
229	0	3548	0
229	0	81119	0
229	0	15011	1
229	0	42282	0
229	0	77678	0
229	0	3059	0
229	0	2809	0
3	0	69029	1
3	0	8935	1
3	0	55432	0
3	0	47945	1
3	0	6969	1
3	0	75802	1
65	0	53632	0
65	0	45380	0
65	0	81037	0
65	0	2646	0
65	0	40798	0
65	0	12513	0
65	0	11426	0
65	0	43944	0
65	0	9517	1
65	0	53744	0
65	0	5873	0
65	0	46454	0
65	0	32505	0
65	0	32509	0
130	0	61888	0
130	0	61922	0
130	0	2242	0
130	0	26278	0
130	0	34151	0
130	0	8012	0
130	0	24502	0
130	0	62010	0
130	0	11453	0
1046	0	41833	2
1046	0	9165	0
1046	0	34799	2
1046	0	72626	2
1046	0	11894	2
1046	0	11737	2
1046	0	55899	2
1125	0	87296	0
1125	0	14084	0
1125	0	80850	0
1125	0	3736	0
1125	0	13275	0
1125	0	5918	0
1125	0	49826	0
1125	0	16038	0
1125	0	63272	0
1125	0	27823	0
1125	0	51	0
1073	0	1952	0
1073	0	15812	0
1073	0	8491	0
1073	0	71343	0
1073	0	1905	0
1073	0	7378	0
1073	0	1907	0
1073	0	4821	0
1073	0	4630	0
1073	0	3642	0
1073	0	3487	0
1090	0	14921	0
1090	0	30675	0
1090	0	13622	0
1090	0	14491	0
1074	0	13568	0
1074	0	87296	0
1074	0	30755	0
1074	0	15014	0
1074	0	13997	0
1074	0	80850	0
1074	0	2521	0
1074	0	5918	0
1058	0	10944	2
1058	0	11718	2
1058	0	11473	0
1058	0	45590	1
1058	0	1627	1
1058	0	11104	0
1058	0	46822	1
1058	0	11435	0
1058	0	30252	1
1058	0	34737	0
1058	0	29752	1
1058	0	6270	1
1219	0	12104	1
1219	0	11275	1
1219	0	87917	0
1219	0	45361	1
1219	0	4594	0
1219	0	5652	0
1219	0	11258	1
1185	0	4643	0
1185	0	41220	1
1185	0	8870	0
1185	0	51079	0
1185	0	32266	0
1185	0	51756	0
1185	0	87310	0
1185	0	50610	0
1185	0	28543	0
1170	0	12165	1
1170	0	46732	0
1170	0	11085	0
1170	0	44814	0
1170	0	7124	0
1170	0	50519	0
1170	0	7962	0
1170	0	47149	0
1170	0	45552	0
1170	0	15730	0
1170	0	44159	0
1160	0	68037	0
1160	0	8266	2
1160	0	68014	1
1160	0	12148	1
1160	0	75098	1
1160	0	68095	1
1153	0	9988	2
1153	0	9991	2
1153	0	3688	0
1153	0	23403	1
1153	0	11155	2
1153	0	69211	2
1153	0	75391	2
1108	0	15173	1
1108	0	15175	1
1108	0	11849	0
1108	0	8330	0
1108	0	15187	0
1108	0	15191	0
1064	0	3585	2
1064	0	8611	2
1064	0	45401	2
1064	0	76282	0
1064	0	76557	0
1064	0	8239	1
1199	0	2593	0
1199	0	36514	0
1199	0	15812	0
1199	0	50695	0
1199	0	77515	0
1199	0	71343	0
1199	0	10513	0
1199	0	11193	1
1199	0	32059	0
1213	0	46345	0
1213	0	77643	0
1213	0	6410	0
1213	0	89037	0
1213	0	77904	1
1213	0	63195	0
1213	0	1960	0
1213	0	69994	0
1213	0	10162	0
1213	0	29942	0
1213	0	5881	0
1213	0	89086	0
1196	0	7872	0
1196	0	7302	1
1196	0	10121	0
1196	0	47182	0
1196	0	76755	0
1196	0	70168	2
1196	0	6877	1
1196	0	28961	0
1196	0	53741	0
1196	0	9013	1
1196	0	29112	0
1196	0	7358	1
1124	0	46345	1
1124	0	77643	0
1124	0	77450	0
1124	0	11661	0
1124	0	3794	1
1124	0	68693	1
1124	0	30999	1
1124	0	48476	0
1124	0	71458	1
1124	0	72681	0
1124	0	33848	1
1124	0	4220	1
1124	0	2687	0
1173	0	12096	0
1173	0	37003	0
1173	0	86858	0
1173	0	88399	0
1173	0	50002	0
1173	0	63826	2
1173	0	7966	0
1173	0	12192	0
1173	0	12196	0
1173	0	86702	0
1173	0	4531	0
1173	0	76283	0
1173	0	35519	2
1055	0	33155	0
1055	0	10439	0
1055	0	33160	0
1055	0	10446	0
1055	0	33881	0
1055	0	11229	0
1055	0	21537	0
1055	0	13990	0
1055	0	33515	0
1055	0	4594	0
1055	0	33145	0
1055	0	30651	0
1055	0	33149	0
1062	0	69825	0
1062	0	9097	0
1062	0	14352	1
1062	0	10737	0
1062	0	76095	0
1019	0	15173	1
1019	0	15014	0
1019	0	15176	1
1019	0	15187	1
1019	0	15191	1
1019	0	15192	1
1028	0	33285	1
1028	0	33288	1
1028	0	68490	1
1028	0	33297	1
1028	0	11228	0
1028	0	53986	0
1028	0	33259	1
1028	0	63150	2
1028	0	4785	0
1028	0	33268	1
1028	0	5752	1
1028	0	64508	1
1179	0	11810	2
1179	0	51720	0
1179	0	11791	2
1179	0	75097	0
1179	0	12218	0
1179	0	11962	0
1179	0	35675	0
1179	0	24063	0
1097	0	12513	2
1097	0	40802	0
1097	0	13611	0
1097	0	50989	0
1097	0	87571	0
1097	0	8984	0
1036	0	12513	0
1036	0	76256	0
1036	0	12518	0
1036	0	10280	1
1036	0	8880	1
1036	0	4594	0
1036	0	53779	0
1036	0	6100	0
1036	0	2806	1
1036	0	2999	0
1036	0	10553	0
1159	0	7872	1
1159	0	1665	2
1159	0	44484	0
1159	0	35851	0
1159	0	5454	0
1159	0	32015	0
1159	0	76256	0
1159	0	74795	0
1159	0	36335	0
1159	0	36400	0
1159	0	86451	0
1159	0	5879	0
1159	0	32254	0
1180	0	28933	0
1180	0	28617	0
1180	0	87275	0
1180	0	28748	0
1180	0	12398	0
1180	0	71732	0
1180	0	65527	0
1180	0	28603	1
1180	0	46876	0
1180	0	28863	0
1023	0	13347	2
1023	0	13252	0
1023	0	7371	0
1023	0	13997	0
1023	0	16047	0
1023	0	10768	1
1023	0	14324	2
1023	0	4728	0
1023	0	40730	0
1011	0	2976	1
1011	0	3620	1
1011	0	48038	1
1011	0	54472	0
1011	0	53810	2
1011	0	31992	1
1011	0	53790	1
1011	0	43391	1
1053	0	45666	1
1053	0	32867	0
1053	0	5897	0
1053	0	11628	1
1053	0	11565	1
1053	0	28863	0
1022	0	5345	2
1022	0	38277	2
1022	0	48682	1
1022	0	1709	2
1022	0	48848	1
1022	0	2482	1
1022	0	5235	2
1022	0	48884	1
1022	0	2332	1
1089	0	6407	2
1089	0	9418	0
1089	0	11214	0
1089	0	9425	0
1089	0	28693	0
1089	0	45590	2
1089	0	3226	0
1089	0	76256	0
1089	0	46822	1
1089	0	11240	1
1089	0	9963	2
1089	0	10861	2
1041	0	38400	0
1041	0	38082	1
1041	0	10180	1
1041	0	11271	1
1041	0	63248	1
1041	0	88534	0
1041	0	6615	0
1041	0	1056	1
1041	0	11440	1
1041	0	34225	1
1041	0	4789	1
1041	0	75000	0
1130	0	7878	2
1130	0	73800	1
1130	0	8074	2
1130	0	73681	2
1130	0	7894	2
1130	0	31072	2
1130	0	8104	2
1130	0	7851	2
1130	0	8046	2
1130	0	8047	2
1130	0	8054	2
1130	0	26172	2
1130	0	31359	2
1003	0	1665	1
1003	0	32515	2
1003	0	75337	1
1003	0	8528	0
1003	0	1681	0
1003	0	76504	2
1003	0	12513	0
1003	0	3367	1
1003	0	6888	1
1003	0	65324	0
1003	0	4594	1
1003	0	5879	0
1003	0	76282	2
1065	0	4935	0
1065	0	41096	0
1065	0	1900	0
1065	0	1901	0
1065	0	13997	0
1065	0	5362	0
1065	0	12213	0
1065	0	4922	0
1065	0	14013	0
1065	0	5023	0
1149	0	63329	1
1149	0	38881	0
1149	0	49221	2
1149	0	14503	1
1149	0	3370	1
1149	0	10452	1
1149	0	11733	1
1149	0	74872	1
1175	0	42049	0
1175	0	9091	1
1175	0	4743	1
1175	0	8493	0
1175	0	74834	0
1175	0	2868	1
1175	0	15095	1
1175	0	9881	0
1175	0	15004	1
1236	0	6820	0
1236	0	81128	0
1236	0	7083	0
1236	0	4720	0
1236	0	6196	0
1236	0	33624	0
1236	0	41146	2
1236	0	75130	0
1236	0	5758	0
1099	0	14977	1
1099	0	53765	0
1099	0	68398	0
1099	0	68115	0
1099	0	68119	0
1099	0	13339	1
1099	0	89053	0
1137	0	66305	2
1137	0	34340	0
1137	0	77476	0
1137	0	77451	0
1137	0	4684	0
1137	0	14417	0
1137	0	4627	1
1137	0	10548	0
1137	0	26484	0
1137	0	65461	0
1137	0	4797	1
1223	0	21152	2
1223	0	613	2
1223	0	5062	2
1223	0	4938	2
1223	0	32368	2
1223	0	32274	2
1223	0	31702	2
1223	0	32473	2
1223	0	32479	2
1004	0	15748	2
1004	0	8263	0
1004	0	15642	2
1004	0	15784	2
1004	0	7917	1
1004	0	15729	2
1004	0	15730	2
1004	0	74292	2
1004	0	35519	1
1157	0	14530	0
1157	0	14277	0
1157	0	77451	2
1157	0	37898	0
1157	0	14162	0
1157	0	6869	0
1157	0	66330	0
1157	0	12513	0
1157	0	77540	2
1157	0	77481	2
1157	0	8882	0
1157	0	9140	0
1157	0	56183	0
1157	0	16058	0
1157	0	54590	0
1095	0	10439	0
1095	0	10442	0
1095	0	38107	0
1095	0	21536	0
1095	0	21538	0
1095	0	21539	0
1095	0	21541	0
1095	0	12518	0
1095	0	21544	0
1095	0	4594	0
1095	0	32508	0
1076	0	69569	1
1076	0	8454	2
1076	0	69255	0
1076	0	75464	0
1076	0	11342	0
1076	0	5776	0
1076	0	49360	0
1076	0	23382	0
1076	0	1056	0
1076	0	13283	0
1076	0	1966	0
1076	0	45559	0
1076	0	75706	2
1078	0	7617	1
1078	0	48707	0
1078	0	48485	0
1078	0	32301	1
1078	0	76752	2
1078	0	32245	2
1078	0	63223	2
1078	0	8187	1
1078	0	76282	0
1078	0	47164	0
1078	0	47133	1
122	0	2848	0
122	0	13284	0
122	0	32327	0
122	0	24711	0
122	0	14417	0
122	0	46035	0
122	0	44405	0
122	0	9270	0
122	0	7645	0
122	0	6175	0
95	0	68449	0
95	0	40898	1
95	0	30594	0
95	0	8004	0
95	0	7909	0
95	0	5680	1
95	0	7282	1
95	0	8182	0
95	0	10327	1
95	0	81437	1
205	0	4768	1
205	0	32802	0
205	0	32771	1
205	0	32779	0
205	0	32753	0
205	0	32658	1
205	0	10003	0
205	0	10005	0
205	0	38264	0
205	0	4730	0
205	0	32799	0
115	0	55300	0
115	0	46822	0
115	0	53741	0
115	0	66519	2
115	0	3226	0
115	0	42204	0
146	0	5414	0
146	0	9031	0
146	0	32681	0
146	0	12106	0
146	0	6956	0
146	0	23377	0
146	0	75346	0
146	0	71348	0
146	0	2488	0
146	0	7515	0
2	0	12513	0
2	0	49666	1
2	0	49347	1
2	0	2445	1
2	0	4594	1
2	0	50677	1
2	0	50714	1
2	0	5918	1
234	0	4613	1
234	0	55206	0
234	0	40969	0
234	0	12267	1
234	0	45551	0
234	0	10802	0
234	0	11673	0
234	0	48415	1
4	0	53635	0
4	0	47945	1
4	0	7247	0
4	0	32793	0
4	0	10215	0
4	0	72809	0
4	0	5486	0
4	0	5495	0
4	0	6969	0
166	0	16065	1
166	0	9858	0
166	0	71438	0
166	0	71385	0
166	0	11291	0
166	0	6108	0
166	0	5476	0
166	0	62570	0
166	0	53741	0
166	0	7410	1
166	0	4856	0
166	0	46397	0
111	0	30593	0
111	0	11234	2
111	0	30570	0
111	0	7252	0
111	0	53754	0
111	0	3260	2
76	0	3087	2
76	0	42707	1
76	0	11991	2
76	0	5593	0
76	0	41818	2
76	0	5596	0
76	0	5598	0
76	0	48415	2
76	0	11943	2
76	0	11944	2
76	0	2738	0
76	0	38066	0
76	0	9654	0
76	0	3133	1
78	0	15492	0
78	0	38375	0
78	0	8140	0
78	0	10064	0
78	0	38354	0
78	0	4660	0
78	0	4728	0
78	0	7515	0
78	0	10045	0
78	0	68732	0
214	0	46662	0
214	0	74792	0
214	0	34858	0
214	0	28269	0
214	0	30161	0
214	0	33522	0
214	0	15095	0
214	0	33367	0
214	0	33464	0
214	0	67962	0
214	0	67965	0
214	0	1759	0
30	0	61571	0
30	0	74631	2
30	0	9547	0
30	0	7373	2
30	0	8856	2
30	0	8284	2
30	0	71075	0
30	0	71076	0
30	0	7142	1
30	0	7783	0
30	0	8874	0
30	0	8305	2
30	0	8890	0
30	0	74619	0
189	0	928	0
189	0	65250	0
189	0	32681	0
189	0	65330	0
189	0	30969	0
189	0	43612	0
189	0	5407	0
225	0	30725	0
225	0	4557	0
225	0	10068	0
225	0	3546	0
225	0	30554	0
225	0	7707	0
225	0	41760	1
225	0	47981	0
225	0	7663	0
225	0	63858	0
225	0	1656	0
225	0	54394	0
225	0	34301	0
216	0	32417	0
216	0	76256	1
216	0	5506	0
216	0	4547	0
216	0	32166	0
216	0	32328	0
216	0	1770	0
216	0	32403	0
216	0	32281	0
216	0	32317	0
192	0	6978	2
192	0	75401	0
192	0	11084	0
192	0	62549	0
192	0	8344	2
192	0	47960	1
192	0	11680	0
192	0	2223	0
192	0	31861	0
192	0	9655	0
103	0	14979	0
103	0	11591	0
103	0	32658	1
103	0	4883	1
103	0	10004	0
103	0	77844	1
103	0	12513	0
103	0	10339	1
103	0	32812	0
103	0	77681	1
103	0	65145	0
103	0	11772	0
103	0	46655	0
44	0	15681	1
44	0	2854	0
44	0	51146	0
44	0	8140	0
44	0	55187	0
44	0	4759	0
44	0	11577	1
44	0	4634	0
44	0	88124	0
207	0	43110	0
207	0	9324	1
207	0	10125	0
207	0	75570	1
207	0	76151	1
207	0	31899	0
207	0	9212	1
207	0	2718	0
15	0	24640	0
15	0	51173	0
15	0	3655	0
15	0	8842	0
15	0	9710	0
15	0	2032	0
15	0	54481	0
15	0	56216	0
15	0	68666	0
43	0	37569	2
43	0	35844	2
43	0	30889	1
43	0	36972	2
43	0	37010	2
43	0	71959	1
43	0	11960	1
43	0	35675	1
43	0	37723	2
43	0	37247	2
12	0	71075	0
12	0	71077	0
12	0	71079	0
12	0	71080	0
12	0	10993	0
12	0	1174	1
12	0	28766	0
119	0	61472	2
119	0	7971	2
119	0	40709	2
119	0	27914	2
119	0	3371	2
119	0	55212	2
119	0	40784	2
119	0	41842	2
119	0	4087	1
119	0	61468	2
119	0	16062	2
119	0	4095	1
196	0	3681	0
196	0	3688	0
196	0	3661	0
196	0	35182	0
196	0	1811	0
196	0	3641	0
196	0	32861	0
196	0	61629	0
196	0	42206	0
157	0	32497	0
157	0	50967	0
163	0	42437	0
163	0	12359	0
163	0	65320	0
163	0	74986	0
163	0	27473	0
163	0	27249	0
163	0	9331	0
163	0	45243	0
163	0	9918	1
159	0	7014	0
159	0	30119	0
159	0	6126	0
159	0	86449	0
159	0	6450	0
159	0	6134	0
159	0	30330	0
159	0	32891	0
159	0	4799	0
127	0	32768	0
127	0	15681	0
127	0	32835	0
127	0	71943	0
127	0	34762	0
127	0	66730	0
127	0	32781	0
127	0	47598	1
127	0	11577	0
127	0	53754	0
127	0	71964	0
179	0	15729	0
179	0	47989	1
179	0	53736	0
179	0	18413	0
135	0	4613	1
135	0	1962	0
135	0	3629	0
135	0	24853	0
135	0	11383	1
135	0	40698	0
135	0	3483	0
135	0	35068	1
248	0	13284	1
248	0	15243	1
248	0	14382	0
248	0	6578	1
248	0	75448	1
199	0	32417	0
199	0	46692	0
199	0	13574	0
199	0	32328	0
199	0	14417	0
199	0	3218	0
199	0	5235	0
199	0	32281	0
199	0	30654	0
174	0	67969	0
174	0	35329	0
174	0	34708	0
174	0	10006	2
174	0	66142	0
174	0	25312	0
174	0	34721	0
174	0	34724	0
174	0	30892	0
174	0	4912	0
174	0	2675	0
174	0	41276	0
50	0	62405	0
50	0	7663	1
50	0	47153	1
50	0	71698	1
50	0	71703	1
244	0	42959	0
244	0	43034	1
244	0	7453	0
244	0	7456	0
244	0	53798	0
244	0	10280	0
244	0	11563	0
244	0	44979	0
244	0	23925	0
244	0	761	0
244	0	31099	0
244	0	7550	0
244	0	9087	0
246	0	10919	0
246	0	5420	0
246	0	1649	0
246	0	1651	0
246	0	8403	1
246	0	10132	0
246	0	761	0
246	0	45786	0
246	0	37308	0
164	0	63184	0
164	0	45717	0
164	0	11225	0
164	0	13284	0
164	0	75048	0
164	0	70955	0
164	0	4529	0
164	0	5879	0
164	0	10104	0
164	0	44605	0
211	0	62530	1
211	0	10948	1
211	0	62727	0
211	0	32201	0
211	0	52560	0
211	0	62610	0
211	0	11671	0
211	0	9819	2
211	0	11165	0
211	0	62572	0
211	0	63791	1
211	0	62903	1
211	0	68728	1
211	0	8959	0
185	0	27592	1
185	0	6351	1
185	0	41876	2
185	0	11673	0
185	0	7515	0
185	0	5414	1
185	0	11943	2
185	0	32681	0
185	0	6956	0
185	0	50543	1
185	0	32688	0
185	0	16050	2
185	0	71348	0
238	0	42809	0
238	0	43482	0
238	0	8891	0
238	0	9805	0
68	0	49984	0
68	0	12513	0
68	0	71075	0
68	0	71076	0
68	0	53802	0
68	0	70922	0
68	0	23408	0
68	0	4594	0
68	0	47990	2
68	0	62203	0
197	0	4944	0
197	0	37570	0
197	0	4964	1
197	0	21557	0
197	0	67821	1
87	0	41987	1
87	0	38223	0
87	0	3568	1
87	0	5394	1
87	0	5591	1
87	0	38233	0
84	0	70660	0
84	0	70664	0
84	0	34892	1
84	0	38190	0
84	0	52277	0
84	0	55766	0
84	0	34905	0
84	0	4473	0
84	0	3675	0
202	0	65537	1
202	0	9730	1
202	0	88427	1
202	0	76460	1
202	0	6032	0
202	0	76816	1
202	0	31892	0
202	0	9943	1
202	0	62333	1
226	0	1699	2
226	0	1736	2
226	0	32281	2
226	0	32219	2
226	0	1740	2
198	0	10755	0
198	0	12105	0
198	0	2779	0
198	0	7134	0
198	0	10527	0
198	0	16804	0
198	0	55340	0
198	0	44398	0
198	0	8434	0
198	0	43192	0
198	0	9469	0
228	0	28643	0
228	0	12230	0
228	0	11912	0
228	0	14292	0
228	0	3478	1
228	0	28697	0
228	0	1882	0
228	0	48413	0
228	0	28638	0
1203	0	48707	0
1203	0	8137	0
1203	0	11406	0
1203	0	47141	0
1203	0	24363	1
1203	0	10862	0
1203	0	76282	0
1030	0	15186	1
1030	0	15173	2
1030	0	15175	0
1030	0	4103	0
1030	0	11833	1
1161	0	71714	2
1161	0	51844	0
1161	0	7663	2
1161	0	63858	1
1161	0	71703	2
1161	0	4570	1
1107	0	45448	2
1107	0	34761	0
1107	0	35501	0
1107	0	36144	0
1107	0	68018	0
1107	0	4981	0
1107	0	67963	0
1205	0	34784	2
1205	0	34662	1
1205	0	2439	1
1205	0	2057	1
1205	0	2255	1
1205	0	63315	1
1205	0	70773	1
1205	0	2038	1
1205	0	3574	0
1205	0	6907	1
1205	0	63390	1
1183	0	62786	2
1183	0	8038	2
1183	0	2734	0
1183	0	6997	2
1183	0	26838	1
1103	0	50563	0
1103	0	10950	0
1103	0	11143	0
1103	0	714	0
1103	0	9103	0
1103	0	2139	0
1103	0	32229	1
1103	0	63467	1
1103	0	11191	0
1044	0	69825	2
1044	0	8354	0
1044	0	14084	0
1044	0	32231	0
1044	0	67816	0
1044	0	14352	1
1044	0	4955	0
1044	0	14751	2
1197	0	7841	1
1197	0	2470	1
1197	0	16073	0
1197	0	5674	0
1197	0	73706	2
1197	0	8044	1
1197	0	8049	2
1197	0	7893	2
1197	0	8055	2
1191	0	77540	2
1191	0	10503	2
1191	0	77451	1
1191	0	10348	1
1191	0	9550	0
1191	0	4594	0
1191	0	10548	1
1191	0	10614	1
1191	0	10555	2
1191	0	77854	2
1043	0	51717	1
1043	0	53002	1
1043	0	68687	1
1043	0	69587	1
1043	0	6039	0
1043	0	9179	1
1043	0	7261	1
1043	0	38881	0
1043	0	8806	0
1043	0	8490	0
1043	0	69175	0
1012	0	15014	1
1012	0	13581	0
1012	0	11727	0
1012	0	15059	0
1012	0	15092	0
1012	0	8762	0
1012	0	14364	0
1012	0	30429	0
1195	0	10944	1
1195	0	11718	1
1195	0	38057	0
1195	0	30188	1
1195	0	48620	2
1195	0	29840	1
1195	0	36627	0
1195	0	45590	1
1195	0	29752	1
1195	0	6270	1
1115	0	14530	0
1115	0	10980	1
1115	0	15013	1
1115	0	77424	1
1115	0	15095	2
1115	0	63643	0
1115	0	15007	2
1154	0	1665	0
1154	0	70980	0
1154	0	31820	0
1154	0	3284	1
1154	0	4631	0
1154	0	26075	0
1154	0	6888	0
1154	0	30571	0
1154	0	4461	0
1154	0	63150	0
1154	0	10874	0
1154	0	43452	0
1154	0	6911	0
1150	0	8068	2
1150	0	4934	0
1150	0	77545	0
1150	0	7883	0
1150	0	73644	2
1150	0	71471	0
1150	0	3058	0
1150	0	12150	0
1150	0	7391	0
1138	0	7617	0
1138	0	8260	2
1138	0	55366	0
1138	0	76239	1
1138	0	7057	1
1138	0	50519	1
1138	0	8028	0
1138	0	76256	2
1138	0	7207	1
1138	0	8235	2
1138	0	15729	0
1138	0	4594	0
1138	0	76472	2
1138	0	76347	2
1138	0	3325	1
1204	0	32516	0
1204	0	31819	0
1204	0	24090	0
1204	0	4000	0
1204	0	48871	0
1204	0	31855	0
1204	0	625	0
1166	0	34340	0
1166	0	10507	0
1166	0	5517	2
1166	0	1742	2
1166	0	5236	2
1166	0	10357	0
1166	0	5304	2
1166	0	9945	2
1166	0	1758	2
1015	0	6048	1
1015	0	53634	0
1015	0	8419	0
1015	0	26150	0
1015	0	39303	0
1015	0	8493	0
1015	0	9039	2
1015	0	74834	0
1134	0	15013	2
1134	0	21543	0
1134	0	71691	0
1134	0	1230	0
1134	0	31088	2
1134	0	16054	0
1134	0	15002	1
1134	0	15004	2
1135	0	15681	0
1135	0	11716	0
1135	0	65192	1
1135	0	87275	0
1135	0	8140	0
1135	0	47154	0
1135	0	4660	0
1135	0	12503	0
1135	0	11673	0
1135	0	2812	1
1056	0	12513	0
1056	0	14471	0
1056	0	13611	0
1056	0	47980	2
1056	0	6544	0
1056	0	15002	1
1056	0	6397	1
1056	0	15006	1
1230	0	76557	1
1230	0	64076	0
1230	0	11214	0
1230	0	75475	0
1230	0	6036	0
1230	0	76756	0
1230	0	65627	0
1230	0	50655	0
1230	0	11183	0
1230	0	71091	0
1230	0	68722	0
1230	0	48436	0
1230	0	11445	0
1230	0	55414	0
1230	0	76282	0
1194	0	6466	0
1194	0	74629	0
1194	0	43224	0
1194	0	12513	0
1194	0	75554	0
1194	0	43109	0
1194	0	3367	0
1194	0	8360	0
1194	0	4594	0
1194	0	5879	1
1194	0	62524	0
1194	0	3647	0
1237	0	9540	2
1237	0	1927	2
1237	0	7976	2
1237	0	7753	2
1237	0	596	2
1237	0	3801	2
1237	0	11069	2
1112	0	13796	2
1112	0	14382	0
1112	0	14196	0
1112	0	14806	2
1112	0	14011	0
1112	0	14751	0
1231	0	2510	2
1231	0	50064	0
1231	0	7313	2
1231	0	3285	0
1231	0	2453	1
1231	0	8600	1
1231	0	32231	0
1231	0	32232	0
1231	0	75372	2
1231	0	86383	0
1231	0	6191	0
1231	0	76974	1
1231	0	2487	1
1231	0	2298	1
1231	0	62399	0
1163	0	15174	0
1163	0	15176	0
1163	0	4684	0
1163	0	10545	0
1163	0	15186	0
1163	0	4723	0
1163	0	77236	0
1163	0	15191	2
1163	0	10585	0
1165	0	41986	0
1165	0	2310	0
1165	0	8647	0
1165	0	55692	0
1165	0	7757	0
1165	0	49774	0
1165	0	64339	0
1165	0	11124	0
1165	0	34932	1
1165	0	48025	0
1165	0	2815	1
1050	0	7872	1
1050	0	1349	0
1050	0	49479	0
1050	0	49290	0
1050	0	52237	0
1050	0	76498	2
1050	0	8664	2
1050	0	15641	0
1050	0	7011	2
1050	0	47331	0
1050	0	27108	0
1050	0	75430	2
1050	0	1515	0
1050	0	2671	0
1050	0	2419	0
1050	0	28667	0
1050	0	14079	0
1233	0	9477	0
1233	0	55757	0
1233	0	46738	1
1233	0	3290	0
1233	0	10912	0
1233	0	7909	2
1233	0	55846	1
1233	0	65966	1
1233	0	71409	0
1233	0	10993	1
1233	0	47921	0
1233	0	48180	0
1235	0	30594	1
1235	0	55366	0
1235	0	12300	0
1235	0	43087	0
1235	0	51801	0
1235	0	43099	0
1235	0	70625	1
1235	0	44771	0
1235	0	10280	0
1235	0	12207	0
1235	0	13425	0
1235	0	5495	0
1235	0	5496	0
1235	0	5823	0
1155	0	52803	0
1155	0	21542	0
1155	0	47470	0
1155	0	5843	1
1155	0	53143	0
1155	0	75352	0
1190	0	34340	0
1190	0	77540	2
1190	0	10507	1
1190	0	11534	0
1190	0	10546	0
1190	0	10357	0
1190	0	77531	2
1190	0	77918	1
1176	0	12513	0
1176	0	2868	0
1176	0	15002	2
1176	0	15003	2
1176	0	14011	0
1176	0	15005	2
1176	0	15007	2
1227	0	11232	0
1227	0	8263	0
1227	0	42734	0
1227	0	42799	2
1227	0	47954	0
1227	0	35543	0
1227	0	15641	0
1227	0	11131	0
1068	0	15681	0
1068	0	77643	0
1068	0	50446	0
1068	0	75731	2
1068	0	6366	0
1068	0	46561	0
1068	0	4450	0
1068	0	11683	0
1068	0	65189	0
1068	0	8038	0
1068	0	53754	0
1068	0	68414	0
1087	0	31125	1
1087	0	1656	1
1087	0	30970	1
1087	0	12188	1
1084	0	10496	0
1084	0	10564	0
1084	0	3367	2
1084	0	10280	0
1084	0	10379	0
1084	0	3116	0
1084	0	8399	0
1084	0	4594	0
1084	0	53780	0
1084	0	7799	0
1084	0	3675	0
1192	0	7840	0
1192	0	12513	0
1192	0	7715	0
1192	0	3496	0
1192	0	53738	1
1192	0	9452	0
1192	0	3725	0
1192	0	71347	0
1192	0	1528	0
1192	0	21563	0
1192	0	9501	0
1192	0	4511	0
1215	0	9185	2
1215	0	11081	1
1215	0	8303	2
1215	0	7539	2
1215	0	45530	2
1215	0	9086	2
1214	0	43009	0
1214	0	11145	0
1214	0	11790	0
1214	0	2703	1
1214	0	2968	1
1214	0	42851	0
1214	0	28516	0
1214	0	28526	0
1214	0	3118	0
1214	0	1912	0
1214	0	42878	0
1217	0	67872	1
1217	0	37128	1
1217	0	62290	1
1217	0	62325	1
1217	0	52854	1
1217	0	62362	1
1217	0	37243	1
1132	0	8417	0
1132	0	5735	0
1132	0	87786	1
1132	0	6128	1
1132	0	5843	2
1132	0	5815	0
1132	0	40954	0
1132	0	55420	0
1031	0	5296	1
1031	0	40769	0
1031	0	5314	1
1031	0	40693	0
1031	0	16075	1
1031	0	16077	2
1042	0	76385	0
1042	0	8263	1
1042	0	11409	0
1042	0	15730	2
1042	0	87346	0
1042	0	15642	2
132	0	40833	0
132	0	77384	0
132	0	61388	1
132	0	10585	0
132	0	4634	0
132	0	14751	0
132	0	51172	0
132	0	2854	0
132	0	77356	0
132	0	10545	0
132	0	77236	0
132	0	11516	1
31	0	55432	0
31	0	7373	1
31	0	8856	1
31	0	8284	1
31	0	55709	0
31	0	87265	0
31	0	1889	0
31	0	65189	0
31	0	7142	1
31	0	55787	0
31	0	53741	0
31	0	4594	0
31	0	4470	0
31	0	74937	0
42	0	46272	1
42	0	3077	0
42	0	68745	0
42	0	2378	0
42	0	8940	0
42	0	1901	0
42	0	1902	0
42	0	5362	0
42	0	10515	0
42	0	11193	0
42	0	34715	0
42	0	26237	0
161	0	32769	0
161	0	32804	0
161	0	32649	0
161	0	75464	0
161	0	16074	1
161	0	11820	0
161	0	32784	0
161	0	32787	0
161	0	12117	0
161	0	11258	0
161	0	32029	0
220	0	65280	1
220	0	31238	2
220	0	65359	1
220	0	28759	2
220	0	3290	0
220	0	8038	0
220	0	8746	2
220	0	1648	0
220	0	1649	0
220	0	1651	0
220	0	65271	0
220	0	65274	1
220	0	6523	0
133	0	38273	2
133	0	4999	2
133	0	30632	0
133	0	1675	0
133	0	1709	1
133	0	5361	2
133	0	10165	2
133	0	7961	0
235	0	9088	0
235	0	8193	0
235	0	72003	0
235	0	67917	1
235	0	3725	0
235	0	56207	0
235	0	68046	1
235	0	8152	0
235	0	10266	0
235	0	7840	0
235	0	68006	1
235	0	71663	0
235	0	7855	0
235	0	61746	0
235	0	16056	0
235	0	11579	0
235	0	24063	0
241	0	9858	0
241	0	41094	0
241	0	2330	0
241	0	10844	0
241	0	49699	0
241	0	41128	0
241	0	41134	0
241	0	41142	0
241	0	9719	0
241	0	41146	0
241	0	41150	0
233	0	76419	1
233	0	6533	1
233	0	50976	0
233	0	3367	0
233	0	3439	0
233	0	53107	0
233	0	76338	1
233	0	71412	0
233	0	9337	0
233	0	81725	0
233	0	76156	1
45	0	5568	0
45	0	76679	0
45	0	5577	0
45	0	28685	0
45	0	76883	0
45	0	6807	0
45	0	11426	0
45	0	8297	0
45	0	2992	0
45	0	55221	0
45	0	7993	0
45	0	30716	1
45	0	14079	0
24	0	11585	0
24	0	11233	0
24	0	11787	0
24	0	88590	0
24	0	46804	0
24	0	75092	0
24	0	8984	1
38	0	7592	0
38	0	75433	1
38	0	1834	0
38	0	11565	0
38	0	11312	0
38	0	11989	0
38	0	75034	0
38	0	50973	0
59	0	41957	0
59	0	16070	0
59	0	51146	0
59	0	11314	0
59	0	77236	0
59	0	10585	0
59	0	74971	0
59	0	53821	0
126	0	47153	2
126	0	71698	2
126	0	71714	2
126	0	71703	1
126	0	53736	0
126	0	10285	0
249	0	24546	0
249	0	3367	0
249	0	46345	0
249	0	46410	0
249	0	64907	0
249	0	65264	0
249	0	68432	0
249	0	10162	0
249	0	2037	0
249	0	72632	1
35	0	50533	1
35	0	35175	0
35	0	8107	0
35	0	63340	1
35	0	1038	0
35	0	7863	1
35	0	10296	0
35	0	7870	1
96	0	9152	0
96	0	8963	0
96	0	71076	0
96	0	74445	0
96	0	15729	0
96	0	71703	2
96	0	36093	0
180	0	33732	0
180	0	13284	1
180	0	33255	0
180	0	51787	0
180	0	9101	0
180	0	12078	0
180	0	74192	2
180	0	12275	0
180	0	50525	1
181	0	40865	0
181	0	63267	1
181	0	63272	0
181	0	2794	0
181	0	48365	0
181	0	62350	0
181	0	14417	2
181	0	40850	0
181	0	74868	0
181	0	1880	0
181	0	1628	0
181	0	66012	0
109	0	8481	2
109	0	40803	2
109	0	65764	0
109	0	7182	2
109	0	87921	2
109	0	8754	2
109	0	33267	2
109	0	9690	2
10	0	47459	0
10	0	45804	0
10	0	25202	0
10	0	11704	0
10	0	47386	0
10	0	11487	0
9	0	54240	0
9	0	48419	0
9	0	5988	1
9	0	12265	0
9	0	48650	0
9	0	54285	0
9	0	48975	0
9	0	48433	0
9	0	86389	0
9	0	86938	0
9	0	12286	0
18	0	11849	0
18	0	8140	0
18	0	3087	0
18	0	55187	0
18	0	43284	0
18	0	11673	0
18	0	75616	0
18	0	77552	1
18	0	12083	0
18	0	11573	0
18	0	10553	1
18	0	62653	0
120	0	9056	0
120	0	11041	0
120	0	11234	0
120	0	30570	0
120	0	63694	0
120	0	47992	2
120	0	32665	2
120	0	74586	0
243	0	63248	2
243	0	3233	2
243	0	63254	2
243	0	3211	2
243	0	63245	2
240	0	12513	0
240	0	13284	0
240	0	56007	0
240	0	30575	0
240	0	31631	0
240	0	14417	0
240	0	28083	0
240	0	11671	0
240	0	39224	2
240	0	70814	0
195	0	12513	0
195	0	31972	1
195	0	7397	1
195	0	71078	0
195	0	7252	0
195	0	67902	1
1	0	34340	0
1	0	53737	0
1	0	75371	0
1	0	10507	0
1	0	31665	0
1	0	10548	0
1	0	10614	0
1	0	11995	0
1	0	11037	0
144	0	49121	1
144	0	48996	1
144	0	3335	0
144	0	48428	0
144	0	37905	0
144	0	4884	0
144	0	10206	0
144	0	55774	0
86	0	54472	0
86	0	51787	0
86	0	5580	2
86	0	5394	2
86	0	7384	2
86	0	34851	0
86	0	44517	0
86	0	6888	0
86	0	74795	0
86	0	12275	0
86	0	9530	1
213	0	1664	1
213	0	61391	2
213	0	71378	1
213	0	75224	0
213	0	46046	0
213	0	75934	0
213	0	3494	0
213	0	6890	0
213	0	87287	0
213	0	10746	2
213	0	9662	0
118	0	70150	0
118	0	76552	0
118	0	12043	0
118	0	8343	1
118	0	43224	0
118	0	12188	0
118	0	8545	1
118	0	12067	0
118	0	43109	0
118	0	30571	0
118	0	6962	0
118	0	9662	0
118	0	16062	0
118	0	74622	1
101	0	8579	0
101	0	3300	1
101	0	44165	1
101	0	37004	0
101	0	11988	1
101	0	12183	1
101	0	36378	0
101	0	49019	0
106	0	5569	2
106	0	8292	0
106	0	88388	2
106	0	12105	2
106	0	38962	0
106	0	75092	2
106	0	37368	2
81	0	8033	0
81	0	8426	0
81	0	3341	0
81	0	30672	1
81	0	74834	1
81	0	7801	0
5	0	8640	0
5	0	55364	1
5	0	7816	0
5	0	9547	1
5	0	55773	1
5	0	42020	0
5	0	71076	0
5	0	8424	0
5	0	8425	0
5	0	55467	0
5	0	7789	0
5	0	8627	0
5	0	55414	0
223	0	66084	2
223	0	32235	0
223	0	62285	0
223	0	8368	0
223	0	32243	0
223	0	65879	1
223	0	31960	0
223	0	10204	0
223	0	62399	0
123	0	3049	0
123	0	35465	0
123	0	3372	1
123	0	37169	0
123	0	45589	0
123	0	31894	0
123	0	6622	0
139	0	9161	0
139	0	61388	1
139	0	50448	1
139	0	36145	1
139	0	11515	1
139	0	14751	0
152	0	13284	0
152	0	44394	0
152	0	14417	0
152	0	1811	0
152	0	74807	0
152	0	65785	0
152	0	10395	0
152	0	76348	0
21	0	4545	1
21	0	11466	0
21	0	46731	0
21	0	34702	0
21	0	56213	0
21	0	9847	0
21	0	29438	0
93	0	9984	2
93	0	75778	1
93	0	10694	0
93	0	6540	1
93	0	74707	0
93	0	9438	2
93	0	12513	0
93	0	9765	2
93	0	9768	2
93	0	1838	0
93	0	5686	0
93	0	76918	0
93	0	71354	0
29	0	67906	0
29	0	53958	0
29	0	80968	0
29	0	32855	0
29	0	5687	0
29	0	12507	1
29	0	68093	0
79	0	62945	0
79	0	67846	0
79	0	67817	0
79	0	68040	1
79	0	67949	1
79	0	65585	1
79	0	48086	0
79	0	65526	0
79	0	4958	0
54	0	86209	0
54	0	4609	0
54	0	86217	0
54	0	16073	0
54	0	9290	0
54	0	74634	0
54	0	8336	0
54	0	8220	0
54	0	69542	0
54	0	32056	0
54	0	4604	0
39	0	14198	0
39	0	65145	0
39	0	9914	0
191	0	1889	0
191	0	12513	0
191	0	29859	0
191	0	26150	0
191	0	11372	0
191	0	5807	0
191	0	6164	0
191	0	7481	0
208	0	37632	1
208	0	35075	1
208	0	5894	0
208	0	32141	1
208	0	10256	1
208	0	10259	1
208	0	6682	1
208	0	30877	1
208	0	88094	0
208	0	65313	1
208	0	88806	0
208	0	32813	0
208	0	71344	1
208	0	4660	0
208	0	3642	1
208	0	9469	0
172	0	24902	1
172	0	40969	1
172	0	77771	0
172	0	14417	0
172	0	13284	0
172	0	5738	1
172	0	45551	0
172	0	9077	0
172	0	45559	0
172	0	77307	1
37	0	2816	2
37	0	10017	2
37	0	45649	0
37	0	15475	1
37	0	2999	1
37	0	3707	1
1181	0	65632	2
1181	0	87109	0
1181	0	10726	0
1181	0	11623	0
1181	0	74639	0
1181	0	55186	1
1181	0	10322	0
1181	0	87290	0
1181	0	75069	0
1181	0	28543	1
1209	0	32769	0
1209	0	1828	0
1209	0	42375	1
1209	0	11085	0
1209	0	12302	0
1209	0	3087	2
1209	0	12338	0
1209	0	53746	0
1209	0	2935	1
1133	0	14471	0
1133	0	12364	0
1133	0	14801	0
1133	0	50973	0
1133	0	14751	1
1133	0	13348	2
1133	0	13541	0
1133	0	14631	0
1133	0	10093	0
1133	0	10683	0
1133	0	6397	0
1224	0	10465	0
1224	0	46664	0
1224	0	9743	1
1224	0	15729	0
1224	0	87346	0
1224	0	34932	0
1224	0	41847	1
1224	0	32607	0
1207	0	44359	1
1207	0	48269	0
1207	0	74322	0
1207	0	51479	1
1207	0	62554	1
1207	0	6234	0
1207	0	3675	0
1207	0	62493	2
1207	0	10912	0
1207	0	6432	1
1207	0	10280	0
1207	0	63531	0
1207	0	68270	0
1207	0	4594	0
1207	0	40630	0
1207	0	50557	0
1222	0	12289	0
1222	0	48773	0
1222	0	2633	0
1222	0	9706	0
1222	0	2669	2
1222	0	48786	1
1222	0	4594	1
1222	0	2355	1
1222	0	2646	0
1045	0	30594	1
1045	0	1733	0
1045	0	12361	0
1045	0	9485	0
1045	0	3027	2
1045	0	3540	2
1045	0	68825	0
1045	0	9248	0
1045	0	12513	0
1045	0	53862	0
1045	0	4075	0
1045	0	15729	0
1045	0	41974	2
1045	0	5823	0
1024	0	16064	0
1024	0	7234	0
1024	0	80843	2
1024	0	21532	0
1024	0	53986	0
1024	0	16038	0
1024	0	77547	1
1024	0	16047	0
1024	0	14196	0
1024	0	21687	0
1024	0	10363	1
1038	0	66560	1
1038	0	9094	1
1038	0	3499	1
1038	0	9808	1
1038	0	69080	1
1059	0	16064	0
1059	0	16066	0
1059	0	16068	0
1059	0	37194	0
1059	0	14162	1
1059	0	14742	0
1059	0	16038	0
1059	0	14822	0
1059	0	15144	0
1059	0	16047	0
1059	0	14580	2
1059	0	77496	0
1059	0	7548	0
1059	0	7231	0
1126	0	13187	2
1126	0	12743	2
1126	0	12620	2
1126	0	14543	0
1126	0	87443	0
1126	0	13013	2
1126	0	13016	2
1126	0	12573	2
1126	0	12904	2
1126	0	7916	0
1126	0	12598	2
1234	0	8128	0
1234	0	40613	0
1234	0	71044	1
1234	0	33512	0
1234	0	34284	0
1234	0	40785	0
1234	0	4660	0
1234	0	9240	2
1234	0	87931	0
1234	0	26237	0
1234	0	32863	0
1035	0	15174	1
1035	0	15175	1
1035	0	8172	0
1035	0	62189	0
1035	0	7855	0
1035	0	15187	1
1035	0	15191	0
1096	0	42209	2
1096	0	63874	2
1096	0	5027	1
1096	0	4933	1
1096	0	3567	2
1096	0	14417	1
1096	0	3379	2
1096	0	63932	2
1096	0	36255	2
1171	0	11788	1
1171	0	51148	1
1171	0	47154	1
1171	0	6678	1
1171	0	9240	2
1171	0	11673	1
1189	0	36224	0
1189	0	86467	0
1189	0	11653	0
1189	0	44009	1
1189	0	4682	0
1189	0	66063	0
1189	0	4883	0
1189	0	2708	1
1189	0	10420	0
1189	0	2933	0
1189	0	63195	0
1189	0	65822	0
1109	0	49984	2
1109	0	49730	1
1109	0	48771	2
1109	0	48963	1
1109	0	8260	0
1109	0	2648	1
1109	0	4601	2
1010	0	7617	2
1010	0	9666	1
1010	0	11844	0
1010	0	3721	0
1010	0	7571	1
1010	0	12183	0
1010	0	7740	0
1010	0	8028	0
1010	0	7742	0
1009	0	87649	0
1009	0	65190	0
1009	0	1675	0
1009	0	3500	0
1009	0	71473	0
1009	0	30161	0
1009	0	1907	0
1009	0	16056	0
1009	0	4379	2
1018	0	48832	1
1018	0	14084	0
1018	0	14277	2
1018	0	49939	1
1018	0	6809	0
1018	0	11551	0
1018	0	13347	2
1018	0	4964	0
1018	0	48742	1
1018	0	48493	1
1018	0	8243	0
1018	0	7156	0
1018	0	2807	0
1018	0	12347	0
1018	0	5886	0
1120	0	10693	0
1120	0	15176	0
1120	0	11080	0
1120	0	10093	2
1120	0	1136	0
1120	0	4660	0
1232	0	42722	2
1232	0	8068	2
1232	0	8078	2
1232	0	48402	1
1232	0	2356	1
1232	0	7701	1
1232	0	8088	1
1232	0	70938	1
1232	0	8061	2
1229	0	38272	1
1229	0	38308	1
1229	0	3529	1
1229	0	52238	1
1229	0	38355	1
1229	0	11060	1
1229	0	9177	1
1229	0	7070	1
1186	0	43079	0
1186	0	47951	0
1186	0	47954	0
1186	0	4629	0
1186	0	35543	0
1186	0	15641	0
1186	0	11232	0
1186	0	1126	2
1186	0	3177	0
1186	0	42734	0
1186	0	2546	0
1186	0	10237	0
1001	0	75013	0
1001	0	44238	0
1001	0	4560	0
1001	0	43031	0
1001	0	1948	0
1001	0	14364	0
1001	0	4574	0
1001	0	44064	0
1001	0	3173	0
1001	0	44207	0
1001	0	9456	0
1001	0	1656	1
1144	0	42537	1
1144	0	76650	0
1144	0	10125	0
1144	0	46449	0
1144	0	788	0
1144	0	2998	0
1144	0	55481	0
1144	0	2332	0
1144	0	6940	0
1144	0	30494	1
1086	0	6788	0
1086	0	12165	1
1086	0	9480	1
1086	0	68685	0
1086	0	63853	1
1086	0	31151	0
1086	0	31345	0
1086	0	42706	0
1086	0	42933	0
1086	0	10937	0
1193	0	63143	0
1193	0	63178	0
1193	0	65260	0
1193	0	65295	0
1193	0	26256	0
1193	0	5749	0
1193	0	65270	0
1193	0	63192	0
1193	0	12506	0
1193	0	41308	0
1118	0	43079	0
1118	0	3177	0
1118	0	4555	0
1118	0	8399	1
1118	0	2710	0
1118	0	11608	0
1118	0	76127	0
1101	0	54472	1
1101	0	52693	0
1101	0	53854	1
1101	0	51750	0
1101	0	52647	0
1101	0	53737	0
1101	0	53742	0
1101	0	52657	0
1101	0	54004	1
1101	0	7421	0
1106	0	69121	1
1106	0	11787	1
1106	0	27341	1
1106	0	69205	1
1106	0	11818	1
1081	0	36994	0
1081	0	36455	0
1081	0	8136	0
1081	0	3177	0
1081	0	12297	0
1081	0	4555	0
1081	0	37649	0
1081	0	10770	1
1081	0	11223	0
1081	0	5916	0
1081	0	37277	0
1005	0	12513	0
1005	0	5412	2
1005	0	8491	0
1005	0	77869	1
1005	0	30673	0
1005	0	9651	1
1005	0	77557	1
1005	0	4630	1
1005	0	3478	1
1005	0	6810	0
1005	0	77850	0
1005	0	3487	0
1212	0	68745	0
1212	0	46732	0
1212	0	27088	0
1212	0	4692	0
1212	0	43798	0
1212	0	45592	0
1212	0	7962	0
1212	0	8621	0
1212	0	12206	1
1212	0	45552	0
1212	0	5498	0
1212	0	5503	0
1123	0	77449	0
1123	0	3118	1
1123	0	43087	1
1123	0	42709	1
1123	0	2968	1
1123	0	43224	0
1123	0	65722	0
1123	0	10492	0
1139	0	53858	0
1139	0	77540	2
1139	0	77481	1
1139	0	10348	2
1139	0	4656	0
1139	0	10548	2
1139	0	65270	0
1139	0	77531	2
1152	0	11044	1
1152	0	54118	2
1152	0	3529	2
1152	0	52238	2
1152	0	54322	2
1152	0	38355	2
1152	0	53781	2
1152	0	38397	2
1152	0	8479	2
1021	0	13990	0
1021	0	89097	0
1021	0	14603	1
1021	0	13357	1
1021	0	53745	0
1021	0	71964	0
1093	0	53986	0
1093	0	16038	0
1093	0	69227	0
1093	0	76781	0
1093	0	36145	0
1093	0	16052	0
1093	0	21687	0
1093	0	13565	0
1029	0	3424	2
1029	0	7906	1
1029	0	8611	1
1029	0	3367	0
1029	0	74539	0
1029	0	70924	1
1029	0	74289	1
1029	0	74292	1
1029	0	74296	1
1029	0	76282	1
1029	0	31774	1
1079	0	8035	1
1079	0	9895	1
1079	0	12106	0
1079	0	11469	0
1079	0	2830	0
1079	0	45426	1
1079	0	15095	0
1079	0	16056	0
1079	0	11737	1
1079	0	11135	1
1054	0	61382	1
1054	0	44814	1
1054	0	76817	0
1054	0	75731	2
1054	0	44820	1
1054	0	44826	1
1054	0	4192	2
1054	0	8674	2
1054	0	6317	0
1054	0	70001	1
1054	0	79218	1
1054	0	79228	1
1039	0	49730	2
1039	0	50149	2
1039	0	11923	2
1039	0	49718	2
1039	0	2648	2
1198	0	16128	0
1198	0	87239	0
1198	0	64907	0
1198	0	87886	0
1198	0	14417	0
1198	0	16147	0
1198	0	21532	0
1198	0	45345	1
1198	0	31588	0
1198	0	13284	0
1198	0	37929	0
1198	0	9065	0
1198	0	88561	0
1198	0	30589	0
1198	0	16127	0
1172	0	1186	1
1172	0	11944	0
1172	0	43787	1
1172	0	3920	1
1172	0	43095	1
1172	0	2522	1
1172	0	14013	0
1172	0	9375	0
1037	0	42209	1
1037	0	63874	1
1037	0	13284	0
1037	0	37199	1
1037	0	14417	0
1037	0	3379	1
1037	0	38200	1
1037	0	9530	1
1037	0	63932	1
1037	0	38367	1
1116	0	38241	0
1116	0	27108	2
1116	0	613	2
1116	0	11145	2
1116	0	28526	1
1116	0	10544	1
1116	0	1748	2
1116	0	1622	1
1116	0	38364	0
1100	0	12513	0
1100	0	13633	0
1100	0	13288	2
1100	0	37194	0
1100	0	13356	0
1100	0	8301	0
1100	0	14162	0
1100	0	15381	0
1100	0	77496	0
1100	0	16058	0
1100	0	35708	0
116	0	12513	0
116	0	11943	2
116	0	4751	0
116	0	66193	2
116	0	2738	0
116	0	42707	0
116	0	63861	2
116	0	50524	0
116	0	3133	2
100	0	75360	2
100	0	71075	0
100	0	71076	0
100	0	38411	0
100	0	45518	0
100	0	69715	0
100	0	697	1
100	0	926	1
17	0	15681	0
17	0	15748	0
17	0	71079	0
17	0	37418	0
17	0	9103	1
17	0	15729	0
17	0	8980	1
17	0	24185	0
17	0	76923	0
131	0	15681	0
131	0	9737	1
131	0	5262	0
131	0	1748	0
131	0	5279	0
131	0	27108	0
131	0	61802	0
131	0	86253	0
131	0	5814	0
131	0	10426	0
131	0	65661	0
187	0	54240	0
187	0	3725	0
187	0	26159	0
187	0	54136	1
187	0	53950	1
187	0	54079	1
52	0	9743	0
52	0	36118	0
52	0	32279	2
52	0	5785	0
52	0	6303	0
52	0	48355	0
52	0	71343	0
52	0	43192	0
52	0	37690	0
52	0	42751	0
105	0	12513	0
105	0	70723	2
105	0	11080	2
105	0	8936	2
105	0	3660	1
105	0	48013	0
105	0	87475	0
105	0	47987	0
105	0	31320	0
105	0	4734	0
129	0	37963	0
129	0	65745	0
129	0	31957	0
129	0	10842	0
129	0	75549	0
129	0	6888	0
129	0	12333	0
129	0	81201	0
129	0	4594	0
129	0	12211	0
129	0	12339	0
129	0	64056	0
129	0	32635	0
121	0	3746	0
121	0	1667	1
121	0	10280	1
121	0	9804	0
121	0	30828	0
121	0	1712	0
121	0	10163	0
121	0	9814	0
121	0	7991	2
16	0	75337	0
16	0	5962	0
16	0	75864	0
16	0	10848	0
16	0	75875	0
16	0	3365	0
16	0	30119	0
16	0	61802	0
16	0	6126	0
16	0	6450	0
16	0	6392	0
16	0	7291	0
219	0	77444	0
219	0	29129	0
219	0	13715	0
219	0	63444	0
219	0	41944	0
219	0	21211	0
219	0	40798	0
219	0	26271	0
219	0	75616	0
219	0	17003	0
219	0	10736	0
219	0	32314	0
61	0	35777	0
61	0	7234	0
61	0	45518	0
61	0	14417	1
61	0	63960	0
61	0	36255	0
61	0	37091	0
61	0	9521	2
61	0	3379	0
61	0	53752	0
61	0	37180	0
61	0	36093	0
203	0	1056	0
203	0	46370	0
203	0	42852	1
203	0	2886	0
203	0	11624	0
203	0	43722	0
203	0	5901	0
203	0	53744	0
203	0	49360	0
203	0	4789	0
203	0	14011	2
67	0	15681	0
67	0	13574	1
67	0	7501	0
67	0	12239	0
67	0	81564	0
67	0	7912	0
67	0	13482	0
67	0	4589	0
67	0	9780	0
67	0	37879	0
67	0	52542	0
71	0	71655	0
71	0	3367	0
71	0	71720	0
71	0	49806	1
71	0	71537	0
71	0	71634	0
71	0	10425	0
71	0	2493	1
57	0	88581	0
57	0	10451	0
57	0	34655	0
57	0	10157	0
57	0	88434	0
57	0	64247	0
57	0	23929	0
57	0	88445	0
69	0	30400	0
69	0	3713	0
69	0	11849	1
69	0	71374	0
69	0	14163	0
69	0	9525	0
69	0	44023	0
69	0	9498	0
69	0	53788	0
69	0	71582	0
110	0	8325	0
110	0	74889	0
110	0	7020	0
110	0	8303	0
110	0	41168	0
110	0	76534	0
110	0	31928	0
110	0	42746	0
110	0	4605	0
200	0	12513	0
200	0	5262	1
200	0	32498	0
200	0	50967	0
63	0	4736	0
63	0	28678	0
63	0	38223	0
63	0	5394	1
63	0	9748	0
63	0	81113	0
63	0	74971	0
63	0	10778	0
63	0	9892	0
63	0	3688	0
63	0	11314	0
63	0	4796	0
51	0	2593	1
51	0	34827	1
51	0	35501	1
51	0	74220	1
51	0	37167	1
51	0	1905	1
51	0	36408	1
51	0	9177	1
51	0	3771	1
51	0	12350	1
231	0	14977	0
231	0	10884	0
231	0	47621	0
231	0	47623	0
231	0	47627	0
231	0	4692	0
231	0	29084	0
231	0	32864	0
231	0	10918	0
231	0	47592	0
231	0	29228	0
231	0	87287	0
75	0	7107	1
75	0	11654	0
75	0	14417	0
75	0	31385	1
75	0	4317	0
75	0	5985	0
75	0	5543	0
75	0	10480	0
252	0	11044	0
252	0	11975	0
252	0	44876	0
252	0	11374	0
252	0	53745	0
252	0	34905	0
188	0	14084	0
188	0	34845	0
188	0	55846	0
188	0	10091	0
188	0	49714	0
188	0	30647	0
32	0	12513	0
32	0	45027	0
32	0	10919	0
32	0	11420	0
32	0	68862	0
232	0	41857	2
232	0	41863	2
232	0	53864	0
232	0	2826	2
232	0	63243	2
232	0	54005	0
232	0	41849	2
232	0	2874	2
232	0	52990	2
8	0	30594	0
8	0	47331	1
8	0	9094	0
8	0	30663	0
8	0	34762	1
8	0	13356	0
8	0	1748	0
8	0	3221	1
8	0	30649	0
8	0	81117	1
8	0	9789	0
70	0	12228	2
70	0	12237	0
70	0	12303	2
70	0	48371	2
70	0	45877	0
70	0	12090	2
70	0	11711	0
85	0	46787	0
85	0	7909	0
85	0	7176	0
85	0	75600	0
85	0	8182	0
85	0	6649	0
85	0	65919	0
85	0	55774	0
83	0	64576	1
83	0	61922	1
83	0	1666	0
83	0	34151	0
83	0	7504	0
83	0	34452	1
83	0	6103	2
83	0	87389	1
66	0	45668	0
66	0	34702	0
66	0	9757	1
66	0	29438	0
92	0	43297	0
92	0	65603	0
92	0	63240	1
92	0	89137	0
92	0	7252	0
92	0	11736	0
92	0	44413	0
92	0	81182	0
33	0	30801	1
33	0	30883	1
33	0	30716	0
33	0	55340	1
33	0	14925	0
143	0	33217	0
143	0	4774	0
143	0	33192	0
143	0	3628	0
143	0	9165	0
143	0	34799	1
143	0	42001	0
143	0	68115	0
143	0	42772	0
143	0	34936	1
143	0	33887	0
142	0	73761	2
142	0	43043	0
142	0	42698	0
142	0	9099	0
142	0	10768	0
142	0	10450	2
142	0	10452	2
147	0	75616	0
147	0	3151	0
147	0	5872	0
147	0	47953	0
147	0	63605	0
40	0	68160	0
40	0	971	1
40	0	47950	0
40	0	74971	0
40	0	55774	0
40	0	76256	0
40	0	11879	0
40	0	5423	0
40	0	5427	0
40	0	6516	0
40	0	24313	0
40	0	4796	0
40	0	8638	0
25	0	11587	0
25	0	13284	0
25	0	15174	0
25	0	6790	0
25	0	61771	1
25	0	3118	0
25	0	81200	1
25	0	76178	0
25	0	55221	0
25	0	11158	1
25	0	7993	0
25	0	74559	0
47	0	5955	0
47	0	88074	0
47	0	10331	0
47	0	8419	0
47	0	5989	0
47	0	30119	0
47	0	32878	0
47	0	6001	0
47	0	36146	1
47	0	32883	0
47	0	7991	0
47	0	2618	0
47	0	38847	2
218	0	10689	0
218	0	13474	0
218	0	15205	0
218	0	4818	0
218	0	13845	0
218	0	21532	0
218	0	14750	1
168	0	5376	1
168	0	4995	1
168	0	5255	2
168	0	4856	2
168	0	1786	1
168	0	5055	1
117	0	48354	1
117	0	45700	0
117	0	11142	0
117	0	43046	0
117	0	3081	0
117	0	15243	0
117	0	4594	0
117	0	7645	1
128	0	33600	1
128	0	12513	0
128	0	33255	0
128	0	33549	0
128	0	33206	0
128	0	33495	1
128	0	33113	1
128	0	77242	0
128	0	33215	1
158	0	48737	0
158	0	2659	0
158	0	2664	0
158	0	48476	0
72	0	2593	1
72	0	4712	0
72	0	41290	0
72	0	31820	0
72	0	4461	0
72	0	35213	1
72	0	71408	1
72	0	68018	1
72	0	64121	1
72	0	4954	1
72	0	4379	0
72	0	12350	1
178	0	41987	2
178	0	5577	2
178	0	61485	2
178	0	38321	2
178	0	5591	2
178	0	38233	2
88	0	44165	0
88	0	3721	2
88	0	69228	2
88	0	12273	2
88	0	51858	2
88	0	9270	2
88	0	23896	2
88	0	8959	2
167	0	87109	0
167	0	11849	1
167	0	74836	0
167	0	54359	0
167	0	3483	1
167	0	31069	1
167	0	12513	0
167	0	86434	0
167	0	69989	0
167	0	54440	0
167	0	41004	0
167	0	3629	1
167	0	69168	0
167	0	4860	1
60	0	35777	1
60	0	38403	2
60	0	5389	1
60	0	63960	2
60	0	38368	2
60	0	7394	2
60	0	5027	2
60	0	38190	2
60	0	3378	1
60	0	38200	2
60	0	37180	1
48	0	24904	1
48	0	4841	0
48	0	62699	1
48	0	8372	1
48	0	32056	0
48	0	63195	0
104	0	12513	0
104	0	5506	0
104	0	32166	1
104	0	63272	0
104	0	1771	0
104	0	11053	0
104	0	32430	0
104	0	3218	1
104	0	9300	0
104	0	35831	0
104	0	34686	0
1017	0	14530	0
1017	0	2692	0
1017	0	71560	0
1017	0	43532	0
1017	0	76590	0
1017	0	39344	0
1017	0	76308	0
1017	0	66584	0
1017	0	13339	2
1017	0	44796	1
1131	0	37632	0
1131	0	5761	0
1131	0	11586	0
1131	0	46022	0
1131	0	3273	0
1131	0	9775	0
1131	0	11316	0
1131	0	71956	0
1131	0	71961	0
1131	0	13049	2
1131	0	24411	0
1187	0	12257	0
1187	0	10947	0
1187	0	69004	0
1187	0	11471	1
1187	0	10866	1
1187	0	29876	0
1187	0	6390	0
1187	0	10935	0
1187	0	11546	0
1187	0	69085	0
1052	0	69121	0
1052	0	11787	2
1052	0	27341	2
1052	0	69205	1
1052	0	11807	2
1052	0	40868	1
1052	0	11814	2
1052	0	11818	2
1052	0	68975	1
1105	0	55907	0
1105	0	53642	0
1105	0	34284	0
1105	0	9550	0
1105	0	34255	0
1105	0	4594	0
1105	0	34228	0
1105	0	66260	0
1105	0	11418	0
1105	0	52764	0
1105	0	4574	0
1129	0	13633	0
1129	0	8836	1
1129	0	63242	0
1129	0	76817	2
1129	0	10771	0
1129	0	52825	2
1129	0	1951	1
1129	0	8235	0
1129	0	62448	1
1129	0	62325	1
1129	0	52854	2
1129	0	7353	2
1129	0	37243	2
1121	0	9540	2
1121	0	8006	2
1121	0	70150	1
1121	0	42056	0
1121	0	14417	0
1121	0	596	1
1121	0	3801	2
1121	0	77854	0
1121	0	11427	0
1121	0	34340	0
1121	0	13284	0
1121	0	51756	0
1121	0	4594	0
1121	0	8886	0
1121	0	7992	0
1016	0	1665	1
1016	0	8392	0
1016	0	74634	0
1016	0	88795	0
1016	0	12513	0
1016	0	10725	0
1016	0	3367	1
1016	0	32491	0
1016	0	32497	1
1016	0	32507	0
1208	0	8449	1
1208	0	53269	1
1208	0	11158	0
1208	0	53345	1
1208	0	53350	1
1208	0	9129	0
1208	0	53226	1
1208	0	7539	0
1208	0	53109	0
1208	0	76413	0
1061	0	49280	2
1061	0	49730	2
1061	0	48771	2
1061	0	48963	2
1061	0	50149	2
1061	0	48717	2
1061	0	48464	2
1061	0	4601	2
1061	0	48413	2
1067	0	15681	0
1067	0	61443	1
1067	0	28516	1
1067	0	11145	1
1067	0	77772	0
1067	0	28527	1
1067	0	1748	1
1067	0	1622	0
1067	0	77782	0
1067	0	77850	0
1067	0	5279	1
1071	0	15173	0
1071	0	15014	0
1071	0	15176	0
1071	0	15187	0
1069	0	46850	0
1069	0	55752	0
1069	0	11661	0
1069	0	14352	0
1069	0	10196	0
1069	0	75223	0
1069	0	69209	0
1069	0	9311	0
1069	0	3182	1
1069	0	4660	0
1069	0	32250	1
1110	0	16066	0
1110	0	42885	0
1110	0	16078	0
1110	0	43031	0
1110	0	31774	0
1110	0	77539	0
1110	0	63462	0
1110	0	31401	0
1110	0	8493	0
1110	0	16048	0
1110	0	16052	0
1110	0	10363	0
1200	0	63394	0
1200	0	69030	1
1200	0	28297	1
1200	0	48748	1
1200	0	33399	1
1200	0	3226	0
1200	0	42204	0
1200	0	3071	1
1063	0	32290	0
1063	0	4103	0
1063	0	8521	0
1063	0	15469	0
1063	0	76499	0
1063	0	13013	0
1063	0	6777	0
1063	0	31868	0
1063	0	14013	0
1063	0	11582	0
1051	0	14177	1
1051	0	13347	2
1051	0	14084	0
1051	0	13990	0
1051	0	51081	2
1051	0	8301	0
1051	0	51120	2
1051	0	14580	0
1051	0	7548	0
1051	0	7231	0
1220	0	4230	0
1220	0	3272	2
1220	0	76557	0
1220	0	31632	0
1220	0	8147	0
1220	0	75476	0
1220	0	11616	0
1220	0	2288	0
1220	0	37752	0
1220	0	76666	0
1075	0	2848	0
1075	0	3079	0
1075	0	16078	1
1075	0	44405	0
1075	0	54136	0
1075	0	53950	0
1075	0	10943	0
1241	0	89097	0
1241	0	14603	2
1241	0	13357	2
1241	0	16982	0
1241	0	14013	0
1188	0	45830	2
1188	0	73800	1
1188	0	68490	0
1188	0	31312	2
1188	0	68500	1
1188	0	68511	1
1188	0	68510	1
1188	0	45986	0
1188	0	64233	0
1188	0	7851	2
1188	0	4594	0
1188	0	8051	2
1188	0	31359	1
1032	0	88515	1
1032	0	71714	2
1032	0	51844	2
1032	0	3527	2
1032	0	88395	2
1032	0	62576	2
1032	0	63858	0
1032	0	5686	2
1032	0	1656	0
1032	0	62269	2
1221	0	38384	2
1221	0	13284	0
1221	0	3046	2
1221	0	3018	2
1221	0	74986	2
1221	0	6651	2
1008	0	33345	1
1008	0	10889	0
1008	0	68747	0
1008	0	68949	0
1008	0	9177	0
1008	0	11427	0
1008	0	9764	0
1008	0	8806	0
1008	0	6698	0
1008	0	2223	1
1008	0	31861	0
1008	0	68475	0
1070	0	14530	1
1070	0	9124	0
1070	0	14471	0
1070	0	13579	0
1070	0	14924	0
1070	0	69587	0
1070	0	6397	0
1085	0	10372	0
1085	0	3280	0
1085	0	9307	0
1085	0	69539	0
1085	0	70885	1
1085	0	70953	0
1085	0	71467	0
1085	0	7020	0
1085	0	88443	0
1085	0	3647	0
1083	0	8545	0
1083	0	4931	0
1083	0	6983	0
1083	0	81097	0
1083	0	62667	1
1083	0	10125	0
1083	0	74643	0
1083	0	6548	1
1083	0	31736	0
1083	0	8507	0
1083	0	74622	0
1066	0	15173	0
1066	0	7974	0
1066	0	45735	0
1066	0	15176	0
1066	0	6800	0
1066	0	15187	1
1066	0	15191	0
1092	0	11940	0
1092	0	26952	0
1092	0	10510	0
1092	0	14324	2
1092	0	77588	0
1092	0	7705	0
1092	0	7293	0
1092	0	4191	0
1033	0	35142	1
1033	0	74632	1
1033	0	70924	1
1033	0	42321	2
1033	0	2836	2
1033	0	30555	1
1033	0	8545	1
1033	0	4594	0
1033	0	30903	1
1033	0	74622	1
1143	0	6209	2
1143	0	47170	1
1143	0	11940	1
1143	0	12518	0
1143	0	10504	0
1143	0	11534	2
1143	0	9550	2
1143	0	45585	2
1143	0	42611	0
1143	0	11896	0
1143	0	63551	1
1142	0	7747	0
1142	0	4742	0
1142	0	1927	2
1142	0	11534	0
1142	0	7761	0
1142	0	596	0
1142	0	15959	0
1142	0	77854	0
1142	0	76256	0
1142	0	10211	0
1142	0	11940	0
1142	0	8555	0
1142	0	7283	0
1142	0	40630	0
1142	0	50557	0
1142	0	3327	2
1147	0	44039	2
1147	0	2696	2
1147	0	3177	0
1147	0	3087	0
1147	0	75632	0
1147	0	3478	0
1147	0	6554	0
1147	0	76127	0
1040	0	771	1
1040	0	9291	1
1040	0	53452	0
1040	0	9039	2
1040	0	8975	0
1040	0	61458	0
1040	0	1973	0
1040	0	3766	0
1025	0	29449	0
1025	0	30667	1
1025	0	42956	0
1025	0	44302	0
1025	0	3159	0
1025	0	44317	0
1025	0	74594	0
1025	0	55844	0
1025	0	10280	0
1025	0	61802	0
1025	0	2544	0
1025	0	75570	0
1025	0	2932	0
1025	0	43446	0
1047	0	53986	0
1047	0	33285	1
1047	0	33288	1
1047	0	71691	0
1047	0	63150	2
1047	0	33268	1
1047	0	33270	1
1047	0	33279	1
1218	0	43456	0
1218	0	31872	0
1218	0	37378	0
1218	0	48707	0
1218	0	31882	0
1218	0	36364	0
1218	0	36877	0
1218	0	11730	0
1218	0	6048	0
1218	0	35626	0
1218	0	36399	0
1218	0	9329	0
1218	0	86451	0
1168	0	53633	1
1168	0	46345	0
1168	0	77643	0
1168	0	42378	1
1168	0	53648	0
1168	0	44950	1
1168	0	50655	1
1168	0	12513	0
1168	0	50659	1
1168	0	71467	0
1168	0	4220	1
1168	0	42175	1
1117	0	42049	0
1117	0	15013	1
1117	0	7312	1
1117	0	2868	0
1117	0	15002	1
1117	0	14011	2
1117	0	15007	1
1128	0	2436	0
1128	0	4557	2
1128	0	24721	1
1128	0	24599	1
1128	0	63835	2
1128	0	62237	0
1128	0	2398	1
1128	0	2143	1
1128	0	3045	1
1128	0	3367	0
1128	0	2089	1
1128	0	30442	1
1128	0	24695	1
1128	0	2107	1
1158	0	44771	0
1158	0	8260	2
1158	0	54532	0
1158	0	8235	2
1158	0	10862	0
1158	0	1842	0
1158	0	68793	0
1158	0	76347	2
1158	0	77242	0
1158	0	32223	0
1072	0	87649	0
1072	0	31814	0
1072	0	6186	0
1072	0	11342	1
1072	0	31088	0
1072	0	11988	0
1072	0	16054	0
1072	0	87738	0
1178	0	13568	2
1178	0	47974	0
1178	0	48458	0
1178	0	53741	0
1178	0	47182	0
1178	0	48532	0
1178	0	13622	0
1178	0	2333	0
1088	0	7040	0
1088	0	1606	0
1088	0	1479	1
1088	0	648	0
1088	0	74	1
1088	0	6605	1
1088	0	1621	1
1088	0	15958	0
1088	0	3945	0
1088	0	10154	0
1088	0	87275	0
1088	0	4594	0
1088	0	4148	0
1088	0	1594	0
1088	0	12092	0
1167	0	14177	2
1167	0	14084	1
1167	0	10859	0
1167	0	13902	0
1167	0	40856	0
1167	0	8985	0
1167	0	27097	0
1060	0	55907	1
1060	0	47179	0
1060	0	55917	1
1060	0	11534	0
1060	0	45585	0
1060	0	34228	1
1060	0	47166	0
1060	0	55870	1
1060	0	55871	1
1048	0	12236	1
1048	0	63441	1
1048	0	63383	1
1048	0	6558	0
1048	0	55905	0
1048	0	71714	1
1048	0	63398	1
1048	0	3495	0
1048	0	51060	1
1048	0	38203	0
1104	0	2497	0
1104	0	4994	1
1104	0	48423	0
1104	0	2505	1
1104	0	48682	1
1104	0	2482	0
1104	0	48884	1
1104	0	2646	0
1104	0	5181	0
1002	0	32321	1
1002	0	32259	1
1002	0	38216	1
1002	0	3531	1
1002	0	11981	0
1002	0	42010	1
1002	0	12509	0
1002	0	32286	1
1002	0	11683	0
1002	0	75684	0
1002	0	4455	0
1002	0	12398	0
1002	0	11056	0
1002	0	3188	1
1002	0	3511	1
1057	0	8512	0
1057	0	13379	2
1057	0	14084	0
1057	0	74835	0
1057	0	7763	0
1057	0	6101	0
1057	0	76059	0
1057	0	14751	2
1057	0	11040	0
1057	0	6053	0
1057	0	31856	0
